data/habitatmaps/RK_hsi_mnus_2km_2017.asc
NCOLS 183 
NROWS 114 
XLLCORNER 479000 
YLLCORNER 73000 
CELLSIZE 2000 
NODATA_value -9 
[rows 0 to 71 of 114, columns 0 to 95 of 183]
-9 -9 -9 -9 -9 -9 -9 -9 -9 -9 -9 -9 -9 -9 -9 -9 -9 -9 -9 -9 -9 -9 -9 -9 -9 -9 -9 -9 -9 -9 -9 -9 -9 -9 -9 -9 -9 -9 -9 -9 -9 -9 -9 -9 -9 -9 -9 -9 -9 -9 -9 -9 -9 -9 -9 -9 -9 -9 -9 -9 -9 -9 -9 -9 -9 -9 -9 -9 -9 -9 -9 -9 -9 -9 -9 -9 -9 -9 -9 -9 -9 -9 -9 -9 -9 -9 -9 -9 -9 -9 -9 -9 -9 -9 -9 -9
-9 -9 -9 -9 -9 -9 -9 -9 -9 -9 -9 -9 -9 -9 -9 -9 -9 -9 -9 -9 -9 -9 -9 -9 -9 -9 -9 -9 -9 -9 -9 -9 -9 -9 -9 -9 -9 -9 -9 -9 -9 -9 -9 -9 -9 -9 -9 -9 -9 -9 -9 -9 -9 -9 -9 -9 -9 -9 -9 -9 -9 -9 -9 -9 -9 -9 -9 -9 -9 -9 -9 -9 -9 -9 -9 -9 -9 -9 -9 -9 -9 -9 -9 -9 -9 -9 -9 -9 -9 -9 -9 -9 -9 -9 -9 75
-9 -9 -9 -9 -9 -9 -9 -9 -9 -9 -9 -9 -9 -9 -9 -9 -9 -9 -9 -9 -9 -9 -9 -9 -9 -9 -9 -9 -9 -9 -9 -9 -9 -9 -9 -9 -9 -9 -9 -9 -9 -9 -9 -9 -9 -9 -9 -9 -9 -9 -9 -9 -9 -9 -9 -9 -9 -9 -9 -9 -9 -9 -9 -9 -9 -9 -9 -9 -9 -9 -9 -9 -9 -9 -9 -9 -9 -9 -9 -9 -9 -9 -9 -9 -9 -9 -9 -9 -9 -9 -9 -9 -9 -9 59 65
-9 -9 -9 -9 -9 -9 -9 -9 -9 -9 -9 -9 -9 -9 -9 -9 -9 -9 -9 -9 -9 -9 -9 -9 -9 -9 -9 -9 -9 -9 -9 -9 -9 -9 -9 -9 -9 -9 -9 -9 -9 -9 -9 -9 -9 -9 -9 -9 -9 -9 -9 -9 -9 -9 -9 -9 -9 -9 -9 -9 -9 -9 -9 -9 -9 -9 -9 -9 -9 -9 -9 -9 -9 -9 -9 -9 -9 -9 -9 -9 -9 -9 -9 -9 -9 -9 -9 -9 -9 -9 -9 -9 -9 0 69 67
-9 -9 -9 -9 -9 -9 -9 -9 -9 -9 -9 -9 -9 -9 -9 -9 -9 -9 -9 -9 -9 -9 -9 -9 -9 -9 -9 -9 -9 -9 -9 -9 -9 -9 -9 -9 -9 -9 -9 -9 -9 -9 -9 -9 -9 -9 -9 -9 -9 -9 -9 -9 -9 -9 -9 -9 -9 -9 -9 -9 -9 -9 -9 -9 -9 -9 -9 -9 -9 -9 -9 -9 -9 -9 -9 -9 -9 -9 -9 -9 -9 -9 -9 -9 -9 -9 -9 -9 -9 -9 -9 -9 -9 0 66 72
-9 -9 -9 -9 -9 -9 -9 -9 -9 -9 -9 -9 -9 -9 -9 -9 -9 -9 -9 -9 -9 -9 -9 -9 -9 -9 -9 -9 -9 -9 -9 -9 -9 -9 -9 -9 -9 -9 -9 -9 -9 -9 -9 -9 -9 -9 -9 -9 -9 -9 -9 -9 -9 -9 -9 -9 -9 -9 -9 -9 -9 -9 -9 -9 -9 -9 -9 -9 -9 -9 -9 -9 -9 -9 -9 -9 -9 -9 -9 -9 -9 -9 -9 -9 -9 -9 -9 -9 -9 -9 -9 -9 0 65 70 69
-9 -9 -9 -9 -9 -9 -9 -9 -9 -9 -9 -9 -9 -9 -9 -9 -9 -9 -9 -9 -9 -9 -9 -9 -9 -9 -9 -9 -9 -9 -9 -9 -9 -9 -9 -9 -9 -9 -9 -9 -9 -9 -9 -9 -9 -9 -9 -9 -9 -9 -9 -9 -9 -9 -9 -9 -9 -9 -9 -9 -9 -9 -9 -9 -9 -9 -9 -9 -9 -9 -9 -9 -9 -9 -9 -9 -9 -9 -9 -9 -9 -9 -9 -9 -9 -9 -9 -9 -9 -9 -9 -9 53 70 61 71
-9 -9 -9 -9 -9 -9 -9 -9 -9 -9 -9 -9 -9 -9 -9 -9 -9 -9 -9 -9 -9 -9 -9 -9 -9 -9 -9 -9 -9 -9 -9 -9 -9 -9 -9 -9 -9 -9 -9 -9 -9 -9 -9 -9 -9 -9 -9 -9 -9 -9 -9 -9 -9 -9 -9 -9 -9 -9 -9 -9 -9 -9 -9 -9 -9 -9 -9 -9 -9 -9 -9 -9 -9 -9 -9 -9 -9 -9 -9 -9 -9 -9 -9 -9 -9 -9 -9 -9 -9 0 63 64 77 80 78 77
-9 -9 -9 -9 -9 -9 -9 -9 -9 -9 -9 -9 -9 -9 -9 -9 -9 -9 -9 -9 -9 -9 -9 -9 -9 -9 -9 -9 -9 -9 -9 -9 -9 -9 -9 -9 -9 -9 -9 -9 -9 -9 -9 -9 -9 -9 -9 -9 -9 -9 -9 -9 -9 -9 -9 -9 -9 -9 -9 -9 -9 -9 -9 -9 -9 -9 -9 -9 -9 53 -9 -9 -9 -9 -9 -9 -9 -9 -9 -9 -9 -9 -9 -9 -9 -9 54 68 60 61 65 77 81 81 69 73
-9 -9 -9 -9 -9 -9 -9 -9 -9 -9 -9 -9 -9 -9 -9 -9 -9 -9 -9 -9 -9 -9 -9 -9 -9 -9 -9 -9 -9 -9 -9 -9 -9 -9 -9 -9 -9 -9 -9 -9 -9 -9 -9 -9 -9 -9 -9 -9 -9 -9 -9 -9 -9 -9 -9 -9 -9 -9 -9 -9 -9 -9 -9 -9 -9 78 63 71 74 54 58 74 75 -9 -9 59 65 54 -9 -9 -9 -9 -9 -9 56 72 65 72 69 78 73 80 77 73 75 71
-9 -9 -9 -9 -9 -9 -9 -9 -9 -9 -9 -9 -9 -9 -9 -9 -9 -9 -9 -9 -9 -9 -9 -9 -9 -9 -9 -9 -9 -9 -9 -9 -9 -9 -9 -9 -9 -9 -9 -9 -9 -9 -9 -9 -9 -9 -9 -9 -9 -9 -9 -9 -9 -9 -9 -9 -9 -9 -9 -9 -9 -9 0 0 76 68 0 56 75 65 56 55 60 74 60 71 83 62 58 0 52 -9 67 67 63 63 71 82 83 76 73 68 67 67 75 69
-9 -9 -9 -9 -9 -9 -9 -9 -9 -9 -9 -9 -9 -9 -9 -9 -9 -9 -9 -9 -9 -9 -9 -9 -9 -9 -9 -9 -9 -9 -9 -9 -9 -9 -9 -9 -9 -9 -9 -9 -9 -9 -9 -9 -9 -9 -9 -9 -9 -9 -9 -9 -9 -9 -9 -9 -9 -9 -9 -9 -9 0 0 0 0 0 0 54 69 80 75 80 74 81 81 85 84 73 56 64 63 68 68 72 77 72 82 80 81 76 68 62 63 0 65 81
-9 -9 -9 -9 -9 -9 -9 -9 -9 -9 -9 -9 -9 -9 -9 -9 -9 -9 -9 -9 -9 -9 -9 -9 -9 -9 -9 -9 -9 -9 -9 -9 -9 -9 -9 -9 -9 -9 -9 -9 -9 -9 -9 -9 -9 -9 -9 -9 -9 -9 -9 -9 -9 -9 -9 -9 -9 -9 -9 -9 0 0 0 0 0 0 0 0 82 59 82 86 85 83 90 90 84 79 70 76 71 76 56 64 65 73 81 79 72 59 63 0 0 74 82 86
-9 -9 -9 -9 -9 -9 -9 -9 -9 -9 -9 -9 -9 -9 -9 -9 -9 -9 -9 -9 -9 -9 -9 -9 -9 -9 -9 -9 -9 -9 -9 -9 -9 -9 -9 -9 -9 -9 -9 -9 -9 -9 -9 -9 -9 -9 -9 -9 -9 -9 -9 -9 -9 -9 -9 -9 -9 -9 -9 80 53 0 0 0 0 0 0 77 60 81 65 67 90 85 84 82 77 83 66 73 76 74 76 73 61 72 71 62 0 0 0 63 73 85 78 75
-9 -9 -9 -9 -9 -9 -9 -9 -9 -9 -9 -9 -9 -9 -9 -9 -9 -9 -9 -9 -9 -9 -9 -9 -9 -9 -9 -9 -9 -9 -9 -9 -9 -9 -9 -9 -9 -9 -9 -9 -9 -9 -9 54 66 67 65 66 58 72 0 62 -9 -9 -9 -9 -9 -9 80 81 65 0 0 0 0 0 0 0 0 84 77 63 83 71 61 0 54 73 59 84 77 72 77 74 70 64 56 57 67 76 68 78 63 80 82 89
-9 -9 -9 -9 -9 -9 -9 -9 -9 -9 -9 -9 -9 -9 -9 -9 -9 -9 -9 -9 -9 -9 -9 -9 -9 -9 -9 -9 -9 -9 -9 -9 -9 -9 -9 -9 -9 -9 -9 -9 65 65 59 71 64 67 70 64 58 70 60 58 73 71 63 -9 -9 82 81 82 64 57 0 0 0 0 0 0 51 87 86 65 54 55 0 0 0 0 0 73 77 72 76 78 69 0 76 84 82 72 0 78 77 68 77 82
-9 -9 -9 -9 -9 -9 -9 -9 -9 -9 -9 -9 -9 -9 -9 -9 -9 -9 -9 -9 -9 -9 -9 -9 -9 -9 -9 -9 -9 -9 -9 -9 -9 -9 -9 -9 -9 -9 -9 63 66 56 67 63 59 0 64 62 74 66 78 74 77 79 79 67 82 86 81 82 77 72 58 0 0 0 0 0 81 71 51 73 0 0 0 0 66 0 0 71 56 74 58 69 67 70 78 83 88 78 61 79 78 83 82 80
-9 -9 -9 -9 -9 -9 -9 -9 -9 -9 -9 -9 -9 -9 -9 -9 -9 -9 -9 -9 -9 -9 -9 -9 -9 -9 -9 -9 -9 -9 -9 -9 -9 -9 -9 -9 -9 -9 0 67 60 66 65 71 52 0 0 71 66 74 78 81 76 79 81 80 80 82 84 88 86 75 71 58 0 0 0 0 0 0 0 0 0 54 54 82 86 83 69 52 0 55 69 77 81 75 83 88 87 80 65 84 85 89 87 83
-9 -9 -9 -9 -9 -9 -9 -9 -9 -9 -9 -9 -9 -9 -9 -9 -9 -9 -9 -9 -9 -9 -9 -9 -9 -9 -9 -9 -9 -9 -9 -9 -9 -9 -9 -9 -9 -9 0 59 63 63 76 73 73 73 76 80 75 80 75 81 82 81 86 87 77 81 87 86 87 75 75 78 77 0 0 0 0 0 0 54 75 82 81 89 87 81 88 84 88 81 84 83 90 85 85 82 74 62 73 80 80 84 88 86
-9 -9 -9 -9 -9 -9 -9 -9 -9 -9 -9 -9 -9 -9 -9 -9 -9 -9 -9 -9 -9 -9 -9 -9 -9 -9 -9 -9 -9 -9 -9 -9 -9 -9 -9 -9 -9 -9 56 74 71 74 78 78 73 69 72 80 86 87 84 79 82 88 90 85 78 78 79 83 84 78 78 77 0 81 0 77 72 83 81 82 85 89 84 90 90 90 88 88 89 84 76 86 90 87 86 83 73 72 70 86 83 88 86 89
-9 -9 -9 -9 -9 -9 -9 -9 -9 -9 -9 -9 -9 -9 -9 -9 -9 -9 -9 -9 -9 -9 -9 -9 -9 -9 -9 -9 -9 -9 -9 -9 -9 -9 -9 -9 -9 0 60 69 80 81 86 70 73 80 70 73 69 71 70 65 86 88 86 87 87 87 77 78 77 79 84 66 0 58 0 80 67 75 81 51 64 74 86 89 90 90 89 87 84 82 89 87 84 89 88 86 57 64 54 80 84 89 90 91
-9 -9 -9 -9 -9 -9 -9 -9 -9 -9 -9 -9 -9 -9 -9 -9 -9 -9 -9 -9 -9 -9 -9 -9 -9 -9 -9 -9 -9 -9 -9 -9 -9 -9 -9 -9 -9 52 69 81 87 88 81 79 73 0 76 80 81 80 82 81 87 88 89 87 80 82 78 80 75 89 87 84 82 78 0 79 78 88 79 75 75 84 87 88 88 90 86 79 84 87 90 84 90 89 86 66 74 81 85 91 88 84 89 89
-9 -9 -9 -9 -9 -9 -9 -9 -9 -9 -9 -9 -9 -9 -9 -9 -9 -9 -9 -9 -9 -9 -9 -9 -9 -9 -9 -9 -9 -9 -9 -9 -9 -9 -9 -9 0 60 78 71 78 81 87 88 87 65 66 75 80 74 85 85 88 90 83 68 72 80 87 82 75 70 74 77 75 84 76 87 87 84 81 80 82 83 87 89 87 89 90 90 89 89 91 84 89 87 83 58 81 82 85 85 83 84 87 88
-9 -9 -9 -9 -9 -9 -9 -9 -9 -9 -9 -9 -9 -9 -9 -9 -9 -9 -9 -9 -9 -9 -9 -9 -9 -9 -9 -9 -9 -9 -9 -9 -9 -9 -9 0 77 64 75 70 84 87 85 74 84 74 57 78 88 87 87 85 84 87 85 75 84 80 64 64 70 70 77 79 75 74 76 86 90 88 84 80 83 83 85 84 84 92 92 91 90 81 87 81 89 86 85 77 87 82 84 83 86 89 86 84
-9 -9 -9 -9 -9 -9 -9 -9 -9 -9 -9 -9 -9 -9 -9 -9 -9 -9 -9 -9 -9 -9 -9 -9 -9 -9 -9 -9 -9 -9 -9 -9 -9 -9 74 0 82 83 87 67 85 88 85 78 76 77 77 85 84 84 88 90 87 86 86 89 82 74 69 77 81 73 72 74 81 82 82 84 87 89 85 90 89 87 88 92 93 92 92 78 84 68 75 68 84 80 73 74 81 82 83 74 84 88 90 86
-9 -9 -9 -9 -9 -9 -9 -9 -9 -9 -9 -9 -9 -9 -9 -9 -9 -9 -9 -9 -9 -9 -9 -9 -9 -9 -9 -9 -9 -9 -9 -9 -9 -9 55 61 87 89 87 61 84 86 84 75 80 83 85 88 88 91 90 88 79 90 83 83 76 71 76 76 77 65 72 84 84 88 89 91 91 88 90 91 90 92 92 90 91 86 84 73 78 76 70 79 77 74 71 79 82 84 89 90 81 85 91 89
-9 -9 -9 -9 -9 -9 -9 -9 -9 -9 -9 -9 -9 -9 -9 -9 -9 -9 -9 -9 -9 -9 -9 -9 -9 -9 -9 -9 -9 -9 -9 -9 -9 -9 62 74 84 85 85 87 87 90 86 84 77 87 82 83 86 81 72 84 76 70 79 71 77 79 81 79 76 74 85 87 87 87 89 78 81 85 76 74 89 82 90 85 88 89 71 70 79 79 81 82 85 85 73 86 87 87 83 91 85 63 90 90
-9 -9 -9 -9 -9 -9 -9 -9 -9 -9 -9 -9 -9 -9 -9 -9 -9 -9 -9 -9 -9 -9 -9 -9 -9 -9 -9 -9 -9 -9 -9 -9 -9 64 54 74 74 81 84 67 71 80 80 61 77 74 70 77 78 82 83 86 73 69 80 74 77 77 82 88 78 89 87 87 83 86 88 88 84 75 72 73 84 82 80 82 72 66 73 80 71 63 82 77 82 83 87 84 88 87 84 84 89 75 79 92
-9 -9 -9 -9 -9 -9 -9 -9 -9 -9 -9 -9 -9 -9 -9 -9 -9 -9 -9 -9 -9 -9 -9 -9 -9 -9 -9 -9 -9 -9 -9 -9 -9 -9 0 71 79 75 73 52 71 78 66 69 78 71 84 84 84 88 88 88 86 78 85 85 71 81 84 90 89 91 91 83 68 72 79 85 87 88 86 85 80 87 54 55 67 82 81 85 83 85 76 77 84 87 89 88 88 88 88 86 86 79 73 88
-9 -9 -9 -9 -9 -9 -9 -9 -9 -9 -9 -9 -9 -9 -9 -9 -9 -9 -9 -9 -9 -9 -9 -9 -9 -9 -9 -9 -9 -9 -9 -9 -9 -9 79 57 54 74 56 71 87 75 84 78 79 80 80 84 89 79 89 88 87 88 88 88 90 88 87 88 88 90 88 73 72 61 68 63 69 83 88 85 89 78 72 67 86 84 82 88 88 85 83 87 86 88 91 91 84 84 91 90 90 87 81 80
-9 -9 -9 -9 -9 -9 -9 -9 -9 -9 -9 -9 -9 -9 -9 -9 -9 -9 -9 -9 -9 -9 -9 -9 -9 -9 -9 -9 -9 -9 -9 -9 -9 -9 74 76 66 86 88 87 87 83 72 65 79 81 88 88 77 85 69 59 62 65 61 60 60 60 63 73 72 75 83 66 77 73 83 81 88 88 85 78 68 71 74 82 82 74 72 85 90 90 88 87 89 90 91 91 90 67 88 92 91 86 87 75
-9 -9 -9 -9 -9 -9 -9 -9 -9 -9 -9 -9 -9 -9 -9 -9 -9 -9 -9 -9 -9 -9 -9 -9 -9 -9 -9 -9 -9 -9 -9 -9 -9 -9 -9 68 83 84 84 86 79 67 63 74 75 83 76 76 70 78 77 72 81 77 58 55 60 77 80 71 86 86 71 80 63 63 87 77 68 65 66 79 83 85 72 73 76 79 77 86 85 86 91 87 91 91 90 92 87 69 83 93 91 91 89 81
-9 -9 -9 -9 -9 -9 -9 -9 -9 -9 -9 -9 -9 -9 -9 -9 -9 -9 -9 -9 -9 -9 -9 -9 -9 -9 -9 -9 -9 -9 -9 -9 -9 -9 -9 83 83 81 85 85 83 66 71 77 81 73 78 78 79 77 56 68 80 77 65 65 79 86 88 89 87 80 86 86 71 54 55 68 74 84 81 84 87 80 70 74 82 64 82 86 88 91 89 89 91 92 90 84 90 75 82 92 89 92 87 85
-9 -9 -9 -9 -9 -9 -9 -9 -9 -9 -9 -9 -9 -9 -9 -9 -9 -9 -9 -9 -9 -9 -9 -9 -9 -9 -9 -9 -9 -9 -9 -9 -9 -9 86 87 85 77 84 86 77 81 82 78 79 72 73 68 73 71 57 66 60 0 60 70 67 69 71 54 66 57 53 52 0 85 79 85 82 79 86 75 69 72 84 82 63 87 86 86 88 88 89 85 92 93 92 91 86 89 72 92 89 91 90 87
-9 -9 -9 -9 -9 -9 -9 -9 -9 -9 -9 -9 -9 -9 -9 -9 -9 -9 -9 -9 -9 -9 -9 -9 -9 -9 -9 -9 -9 -9 -9 -9 -9 73 77 82 84 85 84 77 67 63 65 77 70 70 66 66 56 62 59 71 83 87 89 89 88 80 72 53 0 0 55 79 55 80 68 69 80 83 67 83 79 86 88 85 88 91 91 90 86 90 85 89 84 91 91 88 91 91 84 90 91 88 91 89
-9 -9 -9 -9 -9 -9 -9 -9 -9 -9 -9 -9 -9 -9 -9 -9 -9 -9 -9 -9 -9 -9 -9 -9 -9 -9 -9 -9 -9 -9 -9 -9 -9 78 80 82 85 79 86 69 62 76 67 74 68 72 73 69 64 62 64 89 83 77 0 0 0 0 0 63 79 76 74 75 72 78 77 78 78 72 66 78 77 82 68 88 91 92 91 90 90 89 92 92 83 92 92 91 91 89 89 70 90 89 91 86
-9 -9 -9 -9 -9 -9 -9 -9 -9 -9 -9 -9 -9 -9 -9 -9 -9 -9 -9 -9 -9 -9 -9 -9 -9 -9 -9 -9 -9 -9 -9 76 77 77 77 73 80 84 72 64 68 75 75 78 69 64 0 54 64 76 81 64 61 70 75 69 70 0 73 82 73 62 0 60 59 67 62 76 79 81 79 79 81 72 79 90 88 90 92 90 88 92 91 88 88 87 91 90 88 92 88 75 86 91 91 79
-9 -9 -9 -9 -9 -9 -9 -9 -9 -9 -9 -9 -9 -9 -9 -9 -9 -9 -9 -9 -9 -9 -9 -9 -9 -9 -9 -9 -9 -9 79 81 79 80 75 66 85 78 0 81 76 80 77 76 57 0 67 84 86 85 84 75 67 68 74 78 75 76 67 0 0 58 73 76 73 66 74 82 83 81 81 85 83 79 75 87 86 88 85 85 81 87 90 90 85 84 85 88 87 91 90 84 82 88 91 87
-9 -9 -9 -9 -9 -9 -9 -9 -9 -9 -9 -9 -9 -9 -9 -9 -9 -9 -9 -9 -9 -9 -9 -9 -9 -9 -9 -9 -9 82 82 74 60 74 85 80 68 68 53 74 73 77 70 51 51 75 77 62 62 61 0 0 56 65 70 55 72 61 0 62 80 80 83 75 70 76 79 84 84 82 82 83 86 86 88 89 82 88 88 86 83 70 64 87 90 89 76 83 88 88 87 88 83 82 88 86
-9 -9 -9 -9 -9 -9 -9 -9 -9 -9 -9 -9 -9 -9 -9 -9 -9 -9 -9 -9 -9 -9 -9 -9 -9 -9 -9 -9 86 80 72 57 58 81 76 71 58 74 71 68 77 68 79 74 72 65 0 0 0 0 55 71 76 65 59 63 0 58 60 80 83 88 83 75 76 72 81 85 86 85 87 90 90 81 89 87 88 89 84 87 80 80 79 87 90 87 75 77 78 89 87 87 87 82 85 86
-9 -9 -9 -9 -9 -9 -9 -9 -9 -9 -9 -9 -9 -9 -9 -9 -9 -9 -9 -9 -9 -9 -9 -9 -9 -9 -9 86 76 78 52 59 69 72 58 63 80 74 75 76 69 83 74 79 66 0 0 0 0 0 0 0 60 52 60 55 60 79 80 82 87 88 84 75 79 80 80 81 86 84 89 89 89 89 85 88 89 86 84 86 86 84 87 80 78 83 75 70 77 86 86 88 85 81 80 87
-9 -9 -9 -9 -9 -9 -9 -9 -9 -9 -9 -9 -9 -9 -9 -9 -9 -9 -9 -9 -9 -9 -9 -9 -9 -9 -9 72 73 62 65 61 66 52 57 71 54 71 73 72 77 68 62 0 0 0 60 65 68 58 64 0 0 73 74 55 63 72 79 85 85 79 79 81 80 81 76 82 85 87 90 89 87 90 88 82 84 87 84 88 86 88 84 79 78 82 82 82 84 85 89 87 82 81 82 79
-9 -9 -9 -9 -9 -9 -9 -9 -9 -9 -9 -9 -9 -9 -9 -9 -9 -9 -9 -9 -9 -9 -9 -9 -9 -9 61 64 61 64 71 69 60 55 69 0 58 72 75 69 52 60 63 53 69 67 67 70 68 55 0 0 74 75 67 71 83 83 82 81 81 82 85 80 81 76 71 69 75 87 88 90 90 86 86 81 87 90 87 87 87 89 86 83 82 83 82 83 89 85 88 87 78 77 82 79
-9 -9 -9 -9 -9 -9 -9 -9 -9 -9 -9 -9 -9 -9 -9 -9 -9 -9 -9 -9 -9 -9 -9 -9 0 54 68 67 63 78 72 69 0 72 0 62 76 80 62 0 0 62 53 66 0 54 68 0 0 0 51 0 76 66 68 76 86 87 73 75 86 85 83 83 80 78 81 75 87 89 89 88 87 89 89 85 87 88 88 89 90 90 88 87 82 81 86 88 88 79 79 86 71 79 84 83
-9 -9 -9 -9 -9 -9 -9 -9 -9 -9 -9 -9 -9 -9 -9 -9 -9 -9 -9 -9 -9 76 73 57 67 64 66 58 77 80 73 73 78 75 76 78 0 70 0 61 77 76 88 65 51 80 0 0 0 0 0 55 52 52 65 82 84 87 82 85 84 86 82 78 78 81 84 87 88 89 88 87 87 87 83 81 73 75 86 88 89 86 84 84 86 83 86 85 86 78 74 81 81 69 76 84
-9 -9 -9 -9 -9 -9 -9 -9 -9 -9 -9 -9 -9 -9 -9 -9 -9 -9 -9 -9 72 58 53 64 70 71 61 65 80 86 74 61 68 69 80 0 59 0 57 76 74 89 62 59 57 0 59 0 55 62 59 60 0 60 79 85 88 89 82 85 84 80 71 72 82 85 87 86 90 90 90 88 88 88 85 62 56 0 72 77 82 77 75 82 87 83 83 83 79 82 76 78 82 78 66 74
-9 -9 -9 -9 -9 -9 -9 -9 -9 -9 -9 -9 -9 -9 -9 -9 -9 -9 -9 61 65 65 58 63 68 65 58 74 83 73 52 54 0 72 0 57 0 0 68 79 75 69 61 0 0 0 69 61 82 68 56 53 59 79 84 90 88 87 82 86 80 65 66 82 89 88 87 89 87 88 90 87 90 89 74 0 0 57 69 54 0 57 72 85 87 77 85 88 83 69 0 64 86 75 72 61
-9 -9 -9 -9 -9 -9 -9 -9 -9 -9 -9 -9 -9 -9 -9 -9 -9 -9 71 72 68 60 67 71 81 72 64 65 0 0 0 65 0 0 67 0 0 0 75 67 63 58 0 0 0 0 0 52 66 0 0 0 78 81 82 75 83 84 83 83 81 73 70 80 85 87 89 89 88 87 86 88 91 86 76 0 58 0 0 0 0 0 57 82 88 76 71 76 60 0 0 0 59 72 61 69
-9 -9 -9 -9 -9 -9 -9 -9 -9 -9 -9 -9 -9 -9 -9 -9 -9 70 68 68 64 64 76 66 75 75 59 0 0 0 55 0 56 64 63 0 0 72 80 54 0 0 0 51 53 0 0 0 0 0 0 63 77 68 70 68 78 82 78 74 72 77 82 84 80 79 84 84 88 88 88 88 91 87 76 77 0 61 68 58 0 59 71 87 88 78 57 0 0 0 0 0 59 68 65 78
-9 -9 -9 -9 -9 -9 -9 -9 -9 -9 -9 -9 -9 -9 -9 -9 -9 65 69 66 68 77 74 68 0 0 0 0 0 0 0 58 68 0 0 0 52 78 0 0 0 0 0 0 0 0 67 76 0 0 0 63 77 69 58 56 69 66 59 53 70 79 78 87 84 88 83 84 83 88 88 89 88 88 81 75 57 70 75 53 59 70 84 88 77 67 53 0 0 0 0 0 53 65 67 80
-9 -9 -9 -9 -9 -9 -9 -9 -9 -9 -9 -9 -9 -9 -9 -9 -9 62 68 66 79 71 69 0 0 0 0 0 0 53 61 66 69 60 0 0 59 0 0 0 0 0 0 59 55 72 62 0 0 0 81 80 80 80 80 71 72 75 68 67 78 69 85 86 83 86 82 87 81 81 80 87 88 89 88 79 71 58 63 70 77 83 86 70 0 54 0 0 0 0 56 68 0 66 76 77
-9 -9 -9 -9 -9 -9 -9 -9 -9 -9 -9 -9 -9 -9 -9 -9 64 71 61 68 0 69 66 0 0 0 0 54 59 65 85 83 62 0 0 0 0 0 0 0 0 52 0 75 78 57 0 0 0 81 86 82 77 83 84 79 83 86 84 86 82 78 83 85 85 86 86 87 86 86 71 84 88 85 87 86 81 66 57 66 86 88 85 0 52 0 0 0 0 0 0 71 57 57 0 0
-9 -9 -9 -9 -9 -9 -9 -9 -9 -9 -9 -9 -9 -9 -9 -9 0 0 73 73 65 0 0 0 0 66 54 61 77 84 74 57 0 0 69 54 0 0 0 0 0 0 66 69 0 0 0 0 78 88 84 77 70 83 85 55 79 86 89 87 88 88 80 75 77 85 87 90 84 85 78 87 78 74 66 84 82 83 73 84 78 0 74 0 0 0 0 0 0 0 0 54 67 75 0 0
-9 -9 -9 -9 -9 -9 -9 -9 -9 -9 -9 -9 -9 -9 -9 -9 -9 53 80 69 67 55 53 59 0 0 0 81 76 66 0 0 57 63 55 0 0 0 0 0 0 70 71 0 0 0 69 86 88 78 75 72 72 81 81 75 84 84 86 86 80 80 73 68 73 87 89 88 88 88 89 85 77 86 68 71 70 67 86 84 0 0 82 0 0 0 0 0 0 0 67 0 76 64 0 0
-9 -9 -9 -9 -9 -9 -9 -9 -9 -9 -9 -9 -9 -9 -9 -9 -9 0 0 0 52 58 53 0 0 0 0 0 0 0 0 0 0 0 0 0 0 0 0 0 67 59 0 0 0 69 85 85 86 84 73 56 79 81 81 82 85 85 87 87 84 78 80 80 71 76 83 89 87 71 73 70 72 72 83 68 57 57 85 0 0 0 79 0 0 0 0 0 65 64 0 57 76 0 0 0
-9 -9 -9 -9 -9 -9 -9 -9 -9 -9 -9 -9 -9 -9 -9 -9 -9 58 65 0 53 0 0 0 61 0 0 0 0 0 60 0 0 0 0 0 0 0 0 68 61 0 0 0 83 88 88 87 85 70 0 71 81 79 83 84 85 84 87 87 86 86 72 83 82 70 84 84 62 66 68 70 81 82 86 63 64 59 75 0 0 0 55 0 0 0 0 0 53 0 0 52 0 0 0 0
-9 -9 -9 -9 -9 -9 -9 -9 -9 -9 -9 -9 -9 -9 -9 -9 67 0 0 60 71 69 0 0 0 0 0 60 73 76 52 0 0 0 0 0 0 0 54 60 0 0 0 81 88 85 87 81 68 0 66 81 70 83 84 86 84 87 84 89 89 81 78 74 74 72 81 83 78 80 74 57 56 56 82 76 0 70 58 0 0 0 65 0 0 0 0 63 0 0 0 0 0 0 0 0
-9 -9 -9 -9 -9 -9 -9 -9 -9 -9 -9 -9 -9 -9 -9 -9 67 51 0 0 0 0 0 61 55 52 58 80 75 0 0 0 0 0 0 0 69 75 63 0 0 0 0 83 87 87 85 77 71 60 75 79 80 85 79 85 86 89 88 88 86 83 81 60 77 76 78 81 73 70 71 62 74 64 58 81 88 69 65 0 0 0 0 0 0 0 0 0 0 0 0 0 0 0 0 0
-9 -9 -9 -9 -9 -9 -9 -9 -9 -9 -9 -9 -9 -9 -9 65 56 0 0 55 0 0 0 0 0 0 69 67 0 0 0 0 0 0 0 73 73 81 80 75 0 71 81 77 80 86 82 81 82 65 79 84 84 87 83 87 86 79 84 88 84 84 80 64 83 75 72 77 86 85 84 77 66 0 0 0 0 57 59 52 0 0 0 0 0 0 0 0 56 0 0 0 0 0 0 0
-9 -9 -9 -9 -9 -9 -9 -9 -9 -9 -9 -9 -9 0 0 0 0 0 62 67 0 0 0 0 0 74 70 0 0 0 0 61 55 51 77 87 86 85 83 63 51 71 79 84 84 79 84 78 77 77 85 85 86 82 86 80 84 82 83 86 0 81 85 74 81 73 73 85 83 83 79 66 55 67 61 0 0 0 0 0 0 0 0 0 0 0 0 0 0 0 0 0 0 0 0 0
-9 -9 -9 -9 -9 -9 -9 -9 -9 -9 -9 -9 0 0 63 0 53 53 59 64 58 53 0 0 58 66 0 0 0 0 59 70 82 81 85 84 83 88 59 0 61 73 83 86 81 84 83 78 76 86 88 83 84 84 86 80 69 68 83 71 0 0 85 75 85 71 75 69 71 78 56 58 0 0 0 0 0 0 0 0 0 0 0 0 52 0 0 0 0 0 0 0 0 0 0 0
-9 -9 -9 -9 -9 -9 -9 -9 -9 -9 -9 0 0 52 0 52 52 61 0 0 0 0 55 64 66 0 0 0 0 59 79 83 79 84 84 86 85 74 57 0 78 84 84 82 76 83 83 79 85 88 86 88 88 87 86 89 85 52 0 0 0 0 57 82 82 73 67 60 56 69 0 0 0 0 0 0 0 0 0 0 0 0 0 0 0 0 55 0 0 0 0 0 0 0 0 0
-9 -9 -9 -9 -9 -9 -9 -9 -9 -9 0 0 53 0 56 52 0 0 0 0 68 66 59 62 0 0 0 0 77 77 74 84 76 86 85 87 79 51 0 74 81 71 76 79 76 78 81 79 87 89 90 86 86 86 89 84 0 0 0 0 0 0 0 86 81 62 65 0 57 57 67 69 0 0 0 0 0 0 0 0 0 0 60 0 74 72 69 0 0 62 0 0 0 0 0 0
-9 -9 -9 -9 -9 -9 -9 -9 -9 0 0 0 56 0 0 0 0 0 0 0 80 0 0 56 0 0 0 0 78 67 84 82 76 86 74 81 64 0 65 83 80 79 79 73 86 82 83 73 87 87 0 0 62 0 57 79 59 60 0 0 0 0 0 58 78 73 72 61 0 60 58 74 0 0 0 0 0 0 0 0 55 0 0 0 0 0 0 0 0 0 0 0 0 0 0 0
-9 -9 -9 -9 -9 -9 -9 54 0 0 55 0 0 0 0 0 0 0 0 0 0 0 56 0 59 0 0 55 80 77 86 78 80 84 74 67 54 53 77 72 68 71 84 84 84 73 82 55 83 83 0 0 0 0 0 58 0 0 0 0 0 0 0 0 0 0 76 64 0 0 58 0 0 0 0 0 0 0 0 0 0 0 0 0 0 0 0 0 0 0 0 0 0 0 0 0
-9 -9 -9 -9 -9 -9 53 0 52 56 0 0 0 0 0 0 0 0 0 0 0 0 56 0 0 0 0 77 81 80 82 81 74 77 76 59 64 79 83 71 66 79 80 73 68 63 72 52 84 0 0 0 0 0 0 0 0 0 0 0 0 0 0 0 0 0 0 51 70 62 0 54 0 0 0 0 0 54 0 0 0 0 0 0 0 0 0 0 0 0 0 0 0 0 0 0
-9 -9 -9 -9 -9 66 0 66 70 0 0 0 0 0 0 0 0 0 0 51 0 0 0 0 0 0 0 81 77 83 82 75 81 79 64 52 81 82 81 66 72 83 74 67 69 73 61 52 80 0 0 0 0 0 52 0 0 0 0 0 69 75 81 82 85 81 77 0 0 66 62 0 0 0 0 0 0 0 0 0 0 0 0 0 0 0 0 0 0 0 0 0 0 0 0 0
-9 -9 -9 -9 -9 64 71 66 0 0 0 0 0 0 0 0 0 0 0 0 0 63 62 0 0 0 62 80 74 65 72 80 82 79 71 66 76 81 81 81 72 70 71 74 66 74 65 54 0 0 76 55 0 0 0 0 0 0 0 77 78 63 54 53 58 81 53 0 0 0 77 62 0 0 0 0 0 0 0 0 0 0 0 0 0 0 0 0 0 0 0 0 0 0 0 0
-9 -9 -9 -9 -9 69 68 0 0 0 0 0 0 0 0 0 0 0 0 0 56 61 54 0 0 0 64 79 79 72 81 81 77 76 74 79 70 76 83 83 80 80 75 72 72 71 76 0 0 76 68 0 0 0 0 0 0 0 81 66 0 0 0 0 0 76 0 0 0 0 78 0 0 0 0 0 0 0 0 0 0 0 55 0 0 0 0 0 0 0 0 0 0 0 0 0
-9 -9 -9 -9 72 57 0 0 0 0 0 0 0 0 54 0 0 0 0 0 61 54 0 0 0 0 0 83 73 78 83 80 61 81 78 77 67 82 82 86 81 78 82 88 83 70 52 0 75 58 0 0 0 0 0 0 0 55 58 0 0 0 0 63 64 0 0 0 0 65 71 0 0 0 0 0 0 0 0 0 0 0 0 0 0 0 0 0 0 0 0 0 0 0 0 0
-9 -9 -9 -9 76 0 0 0 0 0 0 0 0 0 0 0 0 0 0 59 52 57 54 0 0 0 0 73 70 79 78 65 0 75 80 80 67 82 73 76 70 83 0 0 59 67 58 70 0 0 0 0 0 0 0 0 0 57 63 0 0 0 0 0 0 0 0 0 66 58 0 0 0 0 0 0 0 0 0 0 0 0 0 0 0 0 0 0 0 0 0 0 0 0 0 0
-9 -9 -9 -9 0 0 0 0 0 0 0 0 52 0 0 0 0 0 0 60 0 54 0 0 0 0 0 59 63 83 78 52 56 63 57 68 68 79 82 73 76 60 0 0 0 56 69 64 0 0 0 0 0 0 0 0 0 0 65 0 0 0 0 0 0 0 0 52 73 54 0 0 0 0 0 0 0 0 0 0 0 0 0 0 0 0 0 0 0 0 0 0 0 0 0 0
