data/habitatmaps/RK_hsi_2km_1999.asc
NCOLS 183 
NROWS 114 
XLLCORNER 479000 
YLLCORNER 73000 
CELLSIZE 2000 
NODATA_value -9 
[rows 0 to 71 of 114, columns 0 to 95 of 183]
-9 -9 -9 -9 -9 -9 -9 -9 -9 -9 -9 -9 -9 -9 -9 -9 -9 -9 -9 -9 -9 -9 -9 -9 -9 -9 -9 -9 -9 -9 -9 -9 -9 -9 -9 -9 -9 -9 -9 -9 -9 -9 -9 -9 -9 -9 -9 -9 -9 -9 -9 -9 -9 -9 -9 -9 -9 -9 -9 -9 -9 -9 -9 -9 -9 -9 -9 -9 -9 -9 -9 -9 -9 -9 -9 -9 -9 -9 -9 -9 -9 -9 -9 -9 -9 -9 -9 -9 -9 -9 -9 -9 -9 -9 -9 -9
-9 -9 -9 -9 -9 -9 -9 -9 -9 -9 -9 -9 -9 -9 -9 -9 -9 -9 -9 -9 -9 -9 -9 -9 -9 -9 -9 -9 -9 -9 -9 -9 -9 -9 -9 -9 -9 -9 -9 -9 -9 -9 -9 -9 -9 -9 -9 -9 -9 -9 -9 -9 -9 -9 -9 -9 -9 -9 -9 -9 -9 -9 -9 -9 -9 -9 -9 -9 -9 -9 -9 -9 -9 -9 -9 -9 -9 -9 -9 -9 -9 -9 -9 -9 -9 -9 -9 -9 -9 -9 -9 -9 -9 -9 -9 80
-9 -9 -9 -9 -9 -9 -9 -9 -9 -9 -9 -9 -9 -9 -9 -9 -9 -9 -9 -9 -9 -9 -9 -9 -9 -9 -9 -9 -9 -9 -9 -9 -9 -9 -9 -9 -9 -9 -9 -9 -9 -9 -9 -9 -9 -9 -9 -9 -9 -9 -9 -9 -9 -9 -9 -9 -9 -9 -9 -9 -9 -9 -9 -9 -9 -9 -9 -9 -9 -9 -9 -9 -9 -9 -9 -9 -9 -9 -9 -9 -9 -9 -9 -9 -9 -9 -9 -9 -9 -9 -9 -9 -9 -9 65 68
-9 -9 -9 -9 -9 -9 -9 -9 -9 -9 -9 -9 -9 -9 -9 -9 -9 -9 -9 -9 -9 -9 -9 -9 -9 -9 -9 -9 -9 -9 -9 -9 -9 -9 -9 -9 -9 -9 -9 -9 -9 -9 -9 -9 -9 -9 -9 -9 -9 -9 -9 -9 -9 -9 -9 -9 -9 -9 -9 -9 -9 -9 -9 -9 -9 -9 -9 -9 -9 -9 -9 -9 -9 -9 -9 -9 -9 -9 -9 -9 -9 -9 -9 -9 -9 -9 -9 -9 -9 -9 -9 -9 -9 0 75 72
-9 -9 -9 -9 -9 -9 -9 -9 -9 -9 -9 -9 -9 -9 -9 -9 -9 -9 -9 -9 -9 -9 -9 -9 -9 -9 -9 -9 -9 -9 -9 -9 -9 -9 -9 -9 -9 -9 -9 -9 -9 -9 -9 -9 -9 -9 -9 -9 -9 -9 -9 -9 -9 -9 -9 -9 -9 -9 -9 -9 -9 -9 -9 -9 -9 -9 -9 -9 -9 -9 -9 -9 -9 -9 -9 -9 -9 -9 -9 -9 -9 -9 -9 -9 -9 -9 -9 -9 -9 -9 -9 -9 -9 0 71 78
-9 -9 -9 -9 -9 -9 -9 -9 -9 -9 -9 -9 -9 -9 -9 -9 -9 -9 -9 -9 -9 -9 -9 -9 -9 -9 -9 -9 -9 -9 -9 -9 -9 -9 -9 -9 -9 -9 -9 -9 -9 -9 -9 -9 -9 -9 -9 -9 -9 -9 -9 -9 -9 -9 -9 -9 -9 -9 -9 -9 -9 -9 -9 -9 -9 -9 -9 -9 -9 -9 -9 -9 -9 -9 -9 -9 -9 -9 -9 -9 -9 -9 -9 -9 -9 -9 -9 -9 -9 -9 -9 -9 0 70 76 78
-9 -9 -9 -9 -9 -9 -9 -9 -9 -9 -9 -9 -9 -9 -9 -9 -9 -9 -9 -9 -9 -9 -9 -9 -9 -9 -9 -9 -9 -9 -9 -9 -9 -9 -9 -9 -9 -9 -9 -9 -9 -9 -9 -9 -9 -9 -9 -9 -9 -9 -9 -9 -9 -9 -9 -9 -9 -9 -9 -9 -9 -9 -9 -9 -9 -9 -9 -9 -9 -9 -9 -9 -9 -9 -9 -9 -9 -9 -9 -9 -9 -9 -9 -9 -9 -9 -9 -9 -9 -9 -9 -9 55 75 66 74
-9 -9 -9 -9 -9 -9 -9 -9 -9 -9 -9 -9 -9 -9 -9 -9 -9 -9 -9 -9 -9 -9 -9 -9 -9 -9 -9 -9 -9 -9 -9 -9 -9 -9 -9 -9 -9 -9 -9 -9 -9 -9 -9 -9 -9 -9 -9 -9 -9 -9 -9 -9 -9 -9 -9 -9 -9 -9 -9 -9 -9 -9 -9 -9 -9 -9 -9 -9 -9 -9 -9 -9 -9 -9 -9 -9 -9 -9 -9 -9 -9 -9 -9 -9 -9 -9 -9 -9 -9 0 56 64 80 85 83 81
-9 -9 -9 -9 -9 -9 -9 -9 -9 -9 -9 -9 -9 -9 -9 -9 -9 -9 -9 -9 -9 -9 -9 -9 -9 -9 -9 -9 -9 -9 -9 -9 -9 -9 -9 -9 -9 -9 -9 -9 -9 -9 -9 -9 -9 -9 -9 -9 -9 -9 -9 -9 -9 -9 -9 -9 -9 -9 -9 -9 -9 -9 -9 -9 -9 -9 -9 -9 -9 59 -9 -9 -9 -9 -9 -9 -9 -9 -9 -9 -9 -9 -9 -9 -9 -9 57 75 67 68 66 82 85 86 75 78
-9 -9 -9 -9 -9 -9 -9 -9 -9 -9 -9 -9 -9 -9 -9 -9 -9 -9 -9 -9 -9 -9 -9 -9 -9 -9 -9 -9 -9 -9 -9 -9 -9 -9 -9 -9 -9 -9 -9 -9 -9 -9 -9 -9 -9 -9 -9 -9 -9 -9 -9 -9 -9 -9 -9 -9 -9 -9 -9 -9 -9 -9 -9 -9 -9 82 69 77 79 71 65 77 82 -9 -9 65 68 58 -9 -9 -9 -9 -9 -9 62 77 67 79 74 83 79 84 81 78 79 75
-9 -9 -9 -9 -9 -9 -9 -9 -9 -9 -9 -9 -9 -9 -9 -9 -9 -9 -9 -9 -9 -9 -9 -9 -9 -9 -9 -9 -9 -9 -9 -9 -9 -9 -9 -9 -9 -9 -9 -9 -9 -9 -9 -9 -9 -9 -9 -9 -9 -9 -9 -9 -9 -9 -9 -9 -9 -9 -9 -9 -9 -9 0 0 81 72 57 61 80 87 70 69 67 78 65 75 88 66 57 0 53 -9 72 71 68 72 74 86 88 81 78 71 73 72 79 73
-9 -9 -9 -9 -9 -9 -9 -9 -9 -9 -9 -9 -9 -9 -9 -9 -9 -9 -9 -9 -9 -9 -9 -9 -9 -9 -9 -9 -9 -9 -9 -9 -9 -9 -9 -9 -9 -9 -9 -9 -9 -9 -9 -9 -9 -9 -9 -9 -9 -9 -9 -9 -9 -9 -9 -9 -9 -9 -9 -9 -9 0 0 0 0 0 0 58 74 86 81 83 74 83 84 89 88 77 58 61 63 72 72 76 81 79 87 84 86 81 73 66 70 55 70 86
-9 -9 -9 -9 -9 -9 -9 -9 -9 -9 -9 -9 -9 -9 -9 -9 -9 -9 -9 -9 -9 -9 -9 -9 -9 -9 -9 -9 -9 -9 -9 -9 -9 -9 -9 -9 -9 -9 -9 -9 -9 -9 -9 -9 -9 -9 -9 -9 -9 -9 -9 -9 -9 -9 -9 -9 -9 -9 -9 -9 0 52 51 0 0 0 0 0 87 64 87 91 90 89 95 94 83 83 78 80 76 80 60 68 72 79 85 84 77 65 70 0 56 80 88 91
-9 -9 -9 -9 -9 -9 -9 -9 -9 -9 -9 -9 -9 -9 -9 -9 -9 -9 -9 -9 -9 -9 -9 -9 -9 -9 -9 -9 -9 -9 -9 -9 -9 -9 -9 -9 -9 -9 -9 -9 -9 -9 -9 -9 -9 -9 -9 -9 -9 -9 -9 -9 -9 -9 -9 -9 -9 -9 -9 86 58 55 0 0 0 0 0 81 65 87 69 73 95 90 88 85 81 87 73 78 81 78 79 77 67 78 75 68 0 0 53 68 78 90 85 83
-9 -9 -9 -9 -9 -9 -9 -9 -9 -9 -9 -9 -9 -9 -9 -9 -9 -9 -9 -9 -9 -9 -9 -9 -9 -9 -9 -9 -9 -9 -9 -9 -9 -9 -9 -9 -9 -9 -9 -9 -9 -9 -9 58 73 73 73 71 63 77 0 67 -9 -9 -9 -9 -9 -9 85 86 70 54 0 0 0 0 0 0 0 88 81 68 88 74 58 51 59 79 71 89 82 62 77 77 74 68 55 58 72 80 73 83 68 85 87 93
-9 -9 -9 -9 -9 -9 -9 -9 -9 -9 -9 -9 -9 -9 -9 -9 -9 -9 -9 -9 -9 -9 -9 -9 -9 -9 -9 -9 -9 -9 -9 -9 -9 -9 -9 -9 -9 -9 -9 -9 70 70 62 76 69 72 75 69 63 75 65 64 78 76 68 -9 -9 87 86 87 69 62 56 0 0 0 54 0 58 91 87 68 57 59 0 0 0 52 54 77 72 65 79 82 74 0 77 87 86 77 56 83 83 73 82 86
-9 -9 -9 -9 -9 -9 -9 -9 -9 -9 -9 -9 -9 -9 -9 -9 -9 -9 -9 -9 -9 -9 -9 -9 -9 -9 -9 -9 -9 -9 -9 -9 -9 -9 -9 -9 -9 -9 -9 72 71 59 72 70 65 58 69 66 80 71 83 79 82 84 84 72 87 91 86 87 82 77 63 53 0 0 0 0 88 79 62 78 0 0 0 0 71 59 0 76 59 78 63 73 68 74 84 88 93 83 62 84 82 87 86 84
-9 -9 -9 -9 -9 -9 -9 -9 -9 -9 -9 -9 -9 -9 -9 -9 -9 -9 -9 -9 -9 -9 -9 -9 -9 -9 -9 -9 -9 -9 -9 -9 -9 -9 -9 -9 -9 -9 0 75 68 71 70 76 60 55 0 77 74 79 83 86 81 84 85 85 85 87 89 93 91 79 77 63 57 0 0 51 0 0 0 0 0 58 58 87 91 90 77 59 54 58 74 81 85 78 88 93 91 81 66 89 88 93 91 88
-9 -9 -9 -9 -9 -9 -9 -9 -9 -9 -9 -9 -9 -9 -9 -9 -9 -9 -9 -9 -9 -9 -9 -9 -9 -9 -9 -9 -9 -9 -9 -9 -9 -9 -9 -9 -9 -9 0 65 69 69 79 77 78 78 81 85 80 85 80 86 87 87 91 92 82 86 92 91 93 80 80 83 83 0 58 0 54 0 0 59 79 86 86 94 91 86 93 89 93 85 89 86 93 88 89 87 75 61 70 84 85 89 93 91
-9 -9 -9 -9 -9 -9 -9 -9 -9 -9 -9 -9 -9 -9 -9 -9 -9 -9 -9 -9 -9 -9 -9 -9 -9 -9 -9 -9 -9 -9 -9 -9 -9 -9 -9 -9 -9 -9 61 78 75 79 83 82 80 75 78 85 91 93 89 84 87 92 95 90 83 83 84 88 90 83 82 81 56 87 0 77 72 86 85 87 90 94 89 94 95 95 91 93 94 89 80 90 94 91 90 88 78 77 75 89 86 93 91 94
-9 -9 -9 -9 -9 -9 -9 -9 -9 -9 -9 -9 -9 -9 -9 -9 -9 -9 -9 -9 -9 -9 -9 -9 -9 -9 -9 -9 -9 -9 -9 -9 -9 -9 -9 -9 -9 0 64 74 85 85 91 77 80 88 78 79 80 81 77 70 91 93 91 92 92 92 82 83 83 83 88 73 0 64 0 85 71 78 84 55 70 79 91 94 95 95 92 92 90 87 93 91 87 91 92 90 62 69 59 82 87 94 94 95
-9 -9 -9 -9 -9 -9 -9 -9 -9 -9 -9 -9 -9 -9 -9 -9 -9 -9 -9 -9 -9 -9 -9 -9 -9 -9 -9 -9 -9 -9 -9 -9 -9 -9 -9 -9 -9 57 74 86 92 92 86 84 75 55 87 89 91 89 87 87 93 93 94 91 85 87 83 85 80 95 92 89 87 83 0 83 82 93 84 78 80 88 91 92 92 95 90 84 89 92 95 88 95 93 90 71 79 87 88 95 93 90 94 93
-9 -9 -9 -9 -9 -9 -9 -9 -9 -9 -9 -9 -9 -9 -9 -9 -9 -9 -9 -9 -9 -9 -9 -9 -9 -9 -9 -9 -9 -9 -9 -9 -9 -9 -9 -9 55 64 83 76 83 84 91 92 92 76 78 84 91 84 88 90 94 94 88 77 79 85 92 88 83 77 78 81 81 89 78 90 92 89 86 83 84 84 91 94 90 94 94 95 91 94 96 89 94 91 88 63 86 87 87 88 89 89 92 93
-9 -9 -9 -9 -9 -9 -9 -9 -9 -9 -9 -9 -9 -9 -9 -9 -9 -9 -9 -9 -9 -9 -9 -9 -9 -9 -9 -9 -9 -9 -9 -9 -9 -9 -9 56 86 69 79 75 89 92 92 82 91 80 60 82 95 94 93 91 89 92 89 82 91 86 69 71 77 76 83 84 80 78 76 89 95 92 88 84 87 87 89 86 88 97 97 96 94 87 92 86 94 91 90 82 92 87 88 88 91 95 91 89
-9 -9 -9 -9 -9 -9 -9 -9 -9 -9 -9 -9 -9 -9 -9 -9 -9 -9 -9 -9 -9 -9 -9 -9 -9 -9 -9 -9 -9 -9 -9 -9 -9 -9 80 0 91 88 92 72 90 92 92 89 83 82 82 91 90 92 93 95 90 88 91 94 88 77 76 84 86 81 77 80 86 86 80 86 92 93 87 95 94 92 92 97 97 97 96 80 88 71 79 72 88 84 76 79 86 87 88 79 89 93 95 91
-9 -9 -9 -9 -9 -9 -9 -9 -9 -9 -9 -9 -9 -9 -9 -9 -9 -9 -9 -9 -9 -9 -9 -9 -9 -9 -9 -9 -9 -9 -9 -9 -9 -9 63 69 93 94 92 66 90 92 87 79 86 88 91 93 93 96 95 94 80 95 89 88 81 76 78 83 83 71 76 88 88 93 94 95 96 93 95 96 95 97 96 95 96 90 88 78 83 81 75 80 78 75 74 81 84 87 94 95 86 89 96 94
-9 -9 -9 -9 -9 -9 -9 -9 -9 -9 -9 -9 -9 -9 -9 -9 -9 -9 -9 -9 -9 -9 -9 -9 -9 -9 -9 -9 -9 -9 -9 -9 -9 -9 67 79 89 90 90 92 93 95 92 87 82 92 89 88 86 87 77 84 80 74 83 73 83 83 85 84 81 78 89 92 92 91 93 82 82 89 82 77 93 84 95 90 93 94 76 75 84 84 86 87 87 88 78 88 90 92 86 96 91 64 93 95
-9 -9 -9 -9 -9 -9 -9 -9 -9 -9 -9 -9 -9 -9 -9 -9 -9 -9 -9 -9 -9 -9 -9 -9 -9 -9 -9 -9 -9 -9 -9 -9 -9 69 59 79 79 86 89 74 79 85 85 67 78 86 75 81 84 87 84 90 77 73 83 76 82 81 87 93 85 93 92 92 89 87 89 93 89 79 78 80 89 87 85 87 79 73 78 85 77 68 87 82 85 85 90 89 94 93 90 86 92 89 78 92
-9 -9 -9 -9 -9 -9 -9 -9 -9 -9 -9 -9 -9 -9 -9 -9 -9 -9 -9 -9 -9 -9 -9 -9 -9 -9 -9 -9 -9 -9 -9 -9 -9 -9 56 76 84 80 78 57 77 84 71 74 83 80 89 88 88 93 93 92 90 80 88 87 72 83 89 95 94 96 96 88 74 75 83 90 93 92 91 90 85 92 58 58 68 85 83 90 88 90 81 81 86 90 93 91 90 92 91 86 89 89 80 90
-9 -9 -9 -9 -9 -9 -9 -9 -9 -9 -9 -9 -9 -9 -9 -9 -9 -9 -9 -9 -9 -9 -9 -9 -9 -9 -9 -9 -9 -9 -9 -9 -9 -9 84 62 59 79 61 76 92 89 89 83 83 85 86 87 94 82 91 90 92 93 92 92 94 93 93 93 94 95 93 77 77 65 68 66 72 88 92 90 94 83 77 72 90 88 85 92 92 90 88 89 89 91 94 94 85 87 95 93 93 88 85 83
-9 -9 -9 -9 -9 -9 -9 -9 -9 -9 -9 -9 -9 -9 -9 -9 -9 -9 -9 -9 -9 -9 -9 -9 -9 -9 -9 -9 -9 -9 -9 -9 -9 -9 79 81 71 90 92 92 92 88 78 70 88 86 94 93 82 90 73 62 66 69 65 65 61 63 71 77 76 79 87 70 79 77 88 85 92 93 91 83 72 76 79 87 86 75 72 89 93 93 89 89 91 94 94 94 93 68 90 95 94 85 89 77
-9 -9 -9 -9 -9 -9 -9 -9 -9 -9 -9 -9 -9 -9 -9 -9 -9 -9 -9 -9 -9 -9 -9 -9 -9 -9 -9 -9 -9 -9 -9 -9 -9 -9 -9 73 88 89 89 91 84 71 60 81 81 88 82 79 77 83 80 73 84 80 64 60 62 80 84 75 90 92 75 84 66 68 91 81 74 72 72 84 88 90 71 69 81 84 84 86 90 88 94 89 94 95 93 95 88 72 86 95 92 93 89 80
-9 -9 -9 -9 -9 -9 -9 -9 -9 -9 -9 -9 -9 -9 -9 -9 -9 -9 -9 -9 -9 -9 -9 -9 -9 -9 -9 -9 -9 -9 -9 -9 -9 -9 -9 88 89 87 91 89 88 71 82 88 87 81 79 83 79 82 63 75 87 84 71 69 83 91 92 94 92 84 90 90 76 57 60 71 77 89 86 90 92 85 74 79 87 69 87 87 92 93 93 91 94 94 94 84 93 80 87 97 90 94 85 88
-9 -9 -9 -9 -9 -9 -9 -9 -9 -9 -9 -9 -9 -9 -9 -9 -9 -9 -9 -9 -9 -9 -9 -9 -9 -9 -9 -9 -9 -9 -9 -9 -9 -9 91 92 91 83 89 91 82 86 88 79 87 73 74 68 72 75 63 67 61 0 65 75 71 74 72 59 72 63 58 57 0 87 81 88 86 84 90 83 74 77 88 85 66 88 90 90 90 93 91 85 96 95 94 95 88 92 75 97 94 92 92 91
-9 -9 -9 -9 -9 -9 -9 -9 -9 -9 -9 -9 -9 -9 -9 -9 -9 -9 -9 -9 -9 -9 -9 -9 -9 -9 -9 -9 -9 -9 -9 -9 -9 78 82 87 90 90 89 81 73 68 72 83 76 66 72 66 51 0 64 76 87 92 94 94 93 82 76 56 0 0 59 83 60 82 69 71 85 86 71 88 84 89 91 87 91 93 94 93 87 93 87 89 84 91 92 87 94 93 89 95 96 90 93 92
-9 -9 -9 -9 -9 -9 -9 -9 -9 -9 -9 -9 -9 -9 -9 -9 -9 -9 -9 -9 -9 -9 -9 -9 -9 -9 -9 -9 -9 -9 -9 -9 -9 83 86 86 91 84 91 74 68 82 77 78 76 82 76 71 67 60 64 94 86 79 0 0 0 0 0 68 82 81 79 80 77 81 78 80 81 77 68 80 80 87 71 89 95 95 93 93 92 93 95 95 83 95 94 94 94 89 93 75 95 94 94 88
-9 -9 -9 -9 -9 -9 -9 -9 -9 -9 -9 -9 -9 -9 -9 -9 -9 -9 -9 -9 -9 -9 -9 -9 -9 -9 -9 -9 -9 -9 -9 82 82 81 82 78 82 89 78 71 72 80 79 77 69 69 0 57 66 79 85 68 65 72 69 68 73 51 77 81 71 62 54 65 65 72 67 81 84 86 82 81 83 78 79 91 89 92 92 93 91 96 94 92 91 90 93 92 90 94 90 79 91 95 94 82
-9 -9 -9 -9 -9 -9 -9 -9 -9 -9 -9 -9 -9 -9 -9 -9 -9 -9 -9 -9 -9 -9 -9 -9 -9 -9 -9 -9 -9 -9 84 86 84 85 81 72 90 83 52 87 79 83 81 80 59 0 70 88 90 89 87 78 72 68 73 78 80 81 72 51 0 58 78 81 78 71 76 87 88 86 82 85 87 83 77 90 88 89 85 88 83 91 93 94 88 86 86 92 90 95 91 88 87 93 96 92
-9 -9 -9 -9 -9 -9 -9 -9 -9 -9 -9 -9 -9 -9 -9 -9 -9 -9 -9 -9 -9 -9 -9 -9 -9 -9 -9 -9 -9 87 88 79 65 76 91 85 74 73 57 78 78 82 74 0 0 68 82 68 64 63 0 0 51 70 75 57 76 65 54 62 84 83 86 79 75 81 83 90 89 87 87 83 88 89 90 90 84 90 89 87 85 68 64 90 92 92 81 88 91 90 92 92 88 87 93 91
-9 -9 -9 -9 -9 -9 -9 -9 -9 -9 -9 -9 -9 -9 -9 -9 -9 -9 -9 -9 -9 -9 -9 -9 -9 -9 -9 -9 91 85 78 61 63 86 80 77 64 79 79 77 78 71 79 74 76 64 0 0 0 0 0 68 80 70 64 63 54 66 65 82 85 90 85 79 81 77 86 90 91 88 90 92 91 82 91 89 91 90 85 89 83 82 79 91 89 89 80 82 80 91 92 92 89 85 90 91
-9 -9 -9 -9 -9 -9 -9 -9 -9 -9 -9 -9 -9 -9 -9 -9 -9 -9 -9 -9 -9 -9 -9 -9 -9 -9 -9 91 80 83 55 63 74 77 66 67 85 81 81 81 75 86 74 78 58 0 0 0 0 0 0 0 65 56 65 60 72 87 85 84 89 90 87 80 84 84 85 86 91 87 91 89 91 91 88 90 90 87 88 91 88 87 90 81 80 82 76 75 78 87 90 93 89 86 85 92
-9 -9 -9 -9 -9 -9 -9 -9 -9 -9 -9 -9 -9 -9 -9 -9 -9 -9 -9 -9 -9 -9 -9 -9 -9 -9 -9 77 79 70 69 67 72 57 61 75 59 77 83 79 80 69 65 0 0 0 65 62 72 64 69 0 52 76 76 59 67 78 84 90 90 84 84 86 85 86 81 87 87 90 90 89 88 91 88 85 87 89 87 91 87 90 87 80 78 81 82 85 85 86 93 90 87 84 84 84
-9 -9 -9 -9 -9 -9 -9 -9 -9 -9 -9 -9 -9 -9 -9 -9 -9 -9 -9 -9 -9 -9 -9 -9 -9 -9 67 69 68 69 76 73 61 61 73 0 65 75 78 77 55 57 62 57 71 71 72 72 72 60 0 55 79 79 70 73 85 86 89 88 86 87 90 85 86 81 76 75 79 88 88 89 89 86 89 82 83 91 90 89 90 91 89 85 84 82 86 84 88 87 91 90 83 80 85 83
-9 -9 -9 -9 -9 -9 -9 -9 -9 -9 -9 -9 -9 -9 -9 -9 -9 -9 -9 -9 -9 -9 -9 -9 56 61 73 72 68 83 78 75 62 76 0 60 82 84 68 0 0 59 55 71 0 59 73 54 0 0 56 56 81 73 73 77 87 90 82 84 91 90 88 88 85 83 86 80 89 90 88 88 88 88 87 82 81 90 92 92 93 93 91 92 87 85 89 90 87 82 81 90 75 83 86 86
-9 -9 -9 -9 -9 -9 -9 -9 -9 -9 -9 -9 -9 -9 -9 -9 -9 -9 -9 -9 -9 83 78 62 74 70 73 63 80 84 78 79 84 76 77 86 59 73 0 66 81 81 93 69 59 85 0 0 0 0 54 61 60 59 73 87 86 88 87 93 91 93 87 83 83 86 89 89 91 90 89 85 88 83 79 80 72 79 88 89 92 88 87 87 91 88 91 88 90 82 79 86 86 74 78 85
-9 -9 -9 -9 -9 -9 -9 -9 -9 -9 -9 -9 -9 -9 -9 -9 -9 -9 -9 -9 78 63 59 70 75 75 66 70 85 91 79 66 73 75 80 0 63 0 51 79 78 94 67 68 67 0 66 0 59 68 65 68 63 62 84 84 89 91 87 93 91 85 79 77 86 90 90 89 92 89 90 88 89 89 87 63 63 53 76 77 71 78 79 86 92 88 88 88 84 86 81 83 87 83 71 79
-9 -9 -9 -9 -9 -9 -9 -9 -9 -9 -9 -9 -9 -9 -9 -9 -9 -9 -9 66 71 70 63 68 73 70 63 79 88 78 57 66 0 80 0 65 56 0 70 81 80 74 66 52 0 55 74 66 85 73 56 60 64 82 87 92 90 89 87 92 88 74 75 87 92 90 88 91 89 90 90 89 90 90 80 58 0 0 62 56 0 62 76 90 92 83 90 93 88 74 54 53 89 79 77 66
-9 -9 -9 -9 -9 -9 -9 -9 -9 -9 -9 -9 -9 -9 -9 -9 -9 -9 76 77 73 66 73 76 86 77 69 69 0 54 60 76 0 0 72 0 0 57 80 67 67 63 0 0 0 0 0 58 69 0 0 0 84 84 85 77 85 89 88 88 86 79 75 83 86 88 89 90 91 91 90 90 92 85 76 52 59 0 0 0 0 0 62 87 93 82 77 78 64 0 0 0 0 75 66 74
-9 -9 -9 -9 -9 -9 -9 -9 -9 -9 -9 -9 -9 -9 -9 -9 -9 78 72 73 69 69 81 72 81 82 65 0 0 56 65 0 64 71 68 0 0 78 85 59 0 0 55 57 58 0 0 51 0 0 0 68 83 75 77 73 83 87 83 78 79 82 87 85 81 78 82 82 92 93 91 92 94 87 77 80 0 68 64 64 0 62 75 92 93 83 61 51 0 0 0 0 60 69 70 85
-9 -9 -9 -9 -9 -9 -9 -9 -9 -9 -9 -9 -9 -9 -9 -9 -9 68 74 71 73 82 79 75 0 0 63 63 0 0 0 59 65 54 0 0 57 83 0 0 0 0 54 56 55 0 72 81 0 0 0 68 85 78 65 63 74 71 64 58 77 84 83 91 89 90 83 85 88 93 89 93 93 91 86 80 62 74 80 57 58 74 89 93 82 73 59 0 0 0 0 0 57 70 73 85
-9 -9 -9 -9 -9 -9 -9 -9 -9 -9 -9 -9 -9 -9 -9 -9 -9 68 78 73 83 76 74 0 0 0 0 0 0 52 63 70 70 67 0 0 63 0 0 0 53 54 56 64 60 78 72 0 0 53 78 83 85 84 85 74 76 80 69 69 83 74 90 91 88 91 86 92 84 83 81 91 93 94 92 84 76 60 64 74 82 89 91 75 55 61 0 0 0 0 0 67 51 73 84 85
-9 -9 -9 -9 -9 -9 -9 -9 -9 -9 -9 -9 -9 -9 -9 -9 70 76 69 79 60 74 68 0 0 0 52 56 60 67 88 88 66 0 0 0 0 0 0 0 53 55 54 73 82 63 0 0 0 80 87 84 82 88 90 87 86 92 90 91 87 82 88 90 90 91 91 91 85 82 71 88 93 91 94 93 83 59 54 71 91 93 90 0 56 0 0 0 0 0 0 78 62 67 0 0
-9 -9 -9 -9 -9 -9 -9 -9 -9 -9 -9 -9 -9 -9 -9 -9 51 52 77 80 77 0 0 0 56 72 59 66 82 88 78 62 0 0 73 59 0 0 0 55 54 53 71 76 0 0 0 0 77 89 86 83 81 87 91 81 82 88 93 92 92 91 82 80 82 90 91 91 84 83 82 92 83 79 72 89 83 68 68 89 82 0 82 0 0 0 0 0 0 0 55 62 74 79 52 0
-9 -9 -9 -9 -9 -9 -9 -9 -9 -9 -9 -9 -9 -9 -9 -9 -9 57 85 75 72 60 60 71 0 0 0 86 80 65 58 0 61 67 60 0 0 0 0 0 0 71 73 0 0 0 68 87 91 76 75 75 83 87 86 80 89 88 89 90 81 83 74 73 77 91 91 88 91 90 92 87 82 91 73 76 75 71 89 88 0 0 87 0 0 0 0 0 0 54 72 0 81 69 0 0
-9 -9 -9 -9 -9 -9 -9 -9 -9 -9 -9 -9 -9 -9 -9 -9 -9 0 0 0 57 63 59 0 0 0 0 0 0 0 0 0 0 52 0 0 0 0 0 0 71 64 0 0 0 67 86 86 88 85 72 60 83 86 85 86 90 88 90 90 83 80 83 84 73 76 86 92 89 73 71 73 77 78 88 73 62 62 91 0 0 0 81 0 0 0 0 0 64 69 0 62 79 0 0 0
-9 -9 -9 -9 -9 -9 -9 -9 -9 -9 -9 -9 -9 -9 -9 -9 -9 63 71 0 62 0 0 58 64 51 0 0 0 0 55 0 0 0 0 0 0 0 0 69 66 0 0 0 84 90 89 87 87 70 0 73 82 82 87 89 90 88 90 86 81 88 74 84 84 72 86 88 67 67 72 75 86 87 91 67 68 64 80 0 0 0 55 0 0 0 0 0 58 0 0 57 0 0 0 0
-9 -9 -9 -9 -9 -9 -9 -9 -9 -9 -9 -9 -9 -9 -9 -9 72 52 0 66 76 73 0 0 52 0 0 66 77 79 55 0 0 0 0 0 0 0 54 58 0 0 0 80 90 86 89 85 69 0 69 82 74 88 89 91 89 90 84 90 89 80 81 76 75 74 84 87 81 84 78 61 61 60 87 82 0 75 66 0 0 0 58 0 0 0 0 63 0 54 0 0 0 0 0 0
-9 -9 -9 -9 -9 -9 -9 -9 -9 -9 -9 -9 -9 -9 -9 -9 72 56 0 52 0 0 57 73 58 62 64 85 80 0 0 0 0 0 0 0 74 80 68 0 0 0 0 80 88 89 88 80 74 62 77 80 84 89 83 90 91 92 90 89 85 83 85 60 77 78 80 85 67 63 66 61 79 69 62 86 94 73 72 0 0 0 0 0 0 0 0 0 0 0 0 0 0 0 0 0
-9 -9 -9 -9 -9 -9 -9 -9 -9 -9 -9 -9 -9 -9 -9 70 61 0 0 60 0 0 0 0 0 0 74 72 0 0 0 0 0 0 0 74 79 83 82 80 54 76 85 77 81 89 84 83 85 67 82 86 88 90 87 92 91 84 89 92 87 89 84 65 84 77 75 79 88 87 86 82 74 0 0 0 0 62 69 55 0 0 0 0 0 0 0 0 62 0 0 0 0 0 0 0
-9 -9 -9 -9 -9 -9 -9 -9 -9 -9 -9 -9 -9 0 0 0 0 0 67 73 0 0 0 0 0 83 75 0 0 0 0 67 60 56 80 90 88 89 86 65 53 74 87 86 88 84 78 81 82 79 88 87 90 89 91 85 90 87 89 88 55 84 89 78 80 74 75 89 86 85 81 71 61 73 66 56 0 0 0 0 0 0 0 0 0 0 0 0 56 0 0 0 0 0 0 0
-9 -9 -9 -9 -9 -9 -9 -9 -9 -9 -9 -9 0 0 69 0 58 58 64 69 65 57 0 0 72 70 0 0 0 0 64 76 83 82 89 89 86 91 59 0 63 74 86 89 88 88 86 83 80 90 91 85 87 86 89 84 77 72 88 64 0 0 91 77 82 68 77 73 76 82 60 63 0 0 0 0 0 0 0 0 0 0 0 52 60 0 0 0 0 0 0 0 0 0 0 0
-9 -9 -9 -9 -9 -9 -9 -9 -9 -9 -9 0 0 58 0 57 59 66 0 0 0 0 0 70 75 0 0 0 0 64 84 88 82 91 90 90 89 76 55 0 82 88 89 86 76 88 88 84 88 91 89 93 91 88 88 93 89 52 0 0 0 0 64 86 79 75 71 64 62 74 0 0 0 0 0 0 0 0 0 0 0 0 0 0 53 0 0 55 0 0 0 0 0 0 0 0
-9 -9 -9 -9 -9 -9 -9 -9 -9 -9 0 0 57 53 62 57 0 0 0 0 74 69 55 71 0 0 0 0 83 82 80 89 80 90 88 89 82 54 0 77 87 75 81 84 80 83 86 83 90 92 93 90 91 91 93 86 0 0 0 0 0 0 0 91 83 74 68 52 62 62 72 76 0 0 0 0 0 0 0 0 0 53 64 0 79 75 73 54 0 68 0 0 0 0 0 0
-9 -9 -9 -9 -9 -9 -9 -9 -9 0 0 55 61 0 0 0 0 0 0 54 84 0 0 55 51 0 0 0 83 75 89 87 78 89 82 83 64 0 67 87 84 83 81 83 90 86 87 78 90 91 54 0 72 0 0 84 70 64 60 0 0 0 0 63 81 81 74 65 55 65 63 78 0 0 0 0 0 0 0 0 59 0 0 0 0 0 0 0 0 0 55 0 0 0 0 0
-9 -9 -9 -9 -9 -9 -9 59 0 0 62 0 0 0 0 0 0 0 0 0 0 0 60 0 63 0 0 58 86 84 91 82 85 89 80 66 57 58 82 77 72 76 88 89 89 72 81 57 87 89 0 0 0 0 0 64 0 0 0 0 0 0 0 0 0 53 80 69 52 0 63 55 0 0 0 0 0 0 0 52 0 0 0 0 0 0 0 0 0 0 0 0 0 0 0 0
-9 -9 -9 -9 -9 -9 58 0 57 61 0 0 0 0 0 0 0 0 0 51 0 0 60 0 0 0 0 77 86 84 87 86 79 84 79 63 69 84 88 76 71 84 85 78 64 66 74 56 88 0 0 0 0 0 0 0 0 0 0 0 0 0 0 0 0 0 0 0 74 67 0 59 54 0 0 0 0 59 0 0 0 0 0 0 0 0 0 0 0 0 0 0 0 0 0 0
-9 -9 -9 -9 -9 71 54 71 75 0 0 0 0 0 0 0 0 0 0 56 0 51 0 0 0 0 0 84 81 88 87 80 86 85 66 57 86 87 86 71 77 88 79 63 71 78 65 55 85 0 0 0 0 0 59 0 0 0 0 0 72 80 86 87 90 84 81 0 54 72 67 0 0 0 0 0 0 0 0 0 0 0 0 0 0 0 0 0 0 0 0 0 0 0 0 0
-9 -9 -9 -9 -9 70 76 70 0 0 0 0 0 0 0 0 0 0 0 0 0 65 65 0 0 0 66 81 74 71 76 85 87 84 76 71 81 86 86 86 77 75 76 76 71 83 70 58 53 0 81 63 0 0 0 0 0 0 0 82 85 68 63 54 61 86 58 0 0 0 82 67 0 0 0 0 0 0 0 0 0 0 0 0 0 0 0 0 0 0 0 0 0 0 0 0
-9 -9 -9 -9 -9 74 74 0 0 0 0 0 0 0 0 0 0 0 0 0 59 64 57 0 0 0 68 81 80 76 86 86 80 81 79 84 75 81 88 85 81 84 81 78 77 76 81 0 0 81 77 0 0 0 0 0 0 58 85 68 0 0 0 0 0 80 0 0 0 0 84 0 0 0 0 0 0 0 0 0 0 0 55 0 0 0 0 0 0 0 0 0 0 0 0 0
-9 -9 -9 -9 79 64 0 0 0 0 0 0 0 51 58 0 0 0 0 54 65 58 53 0 0 0 0 88 78 83 87 83 63 84 83 82 72 87 87 87 83 84 87 93 88 75 57 0 78 62 0 0 0 0 0 0 0 59 52 0 0 0 0 64 69 0 0 0 0 72 75 0 0 0 0 0 0 0 0 0 0 0 0 0 0 0 0 0 0 0 0 0 0 0 0 0
-9 -9 -9 -9 81 0 0 0 0 0 0 0 0 59 0 0 0 0 0 67 60 63 59 0 0 0 0 79 75 83 81 65 52 78 85 86 72 87 81 77 74 88 52 0 62 74 65 75 0 0 0 0 0 0 0 0 0 63 57 0 0 0 0 0 0 0 0 0 71 69 0 0 0 0 0 0 0 0 0 0 0 0 0 0 0 0 0 0 0 0 0 0 0 0 0 0
-9 -9 -9 -9 55 0 0 0 0 0 0 0 60 0 0 0 0 0 0 66 0 60 53 0 0 0 0 67 74 88 81 55 55 63 61 71 70 84 85 79 81 68 0 0 0 64 75 70 0 0 0 0 0 0 0 0 0 0 62 0 0 0 0 0 0 0 0 58 78 59 0 0 0 0 0 0 0 0 0 0 0 0 0 0 0 0 0 0 0 0 0 0 0 0 0 0
