data/habitatmaps/RK_hsi_plus_2km_2002.asc
NCOLS 183 
NROWS 114 
XLLCORNER 479000 
YLLCORNER 73000 
CELLSIZE 2000 
NODATA_value -9 
[rows 0 to 70 of 114, columns 0 to 95 of 183]
-9 -9 -9 -9 -9 -9 -9 -9 -9 -9 -9 -9 -9 -9 -9 -9 -9 -9 -9 -9 -9 -9 -9 -9 -9 -9 -9 -9 -9 -9 -9 -9 -9 -9 -9 -9 -9 -9 -9 -9 -9 -9 -9 -9 -9 -9 -9 -9 -9 -9 -9 -9 -9 -9 -9 -9 -9 -9 -9 -9 -9 -9 -9 -9 -9 -9 -9 -9 -9 -9 -9 -9 -9 -9 -9 -9 -9 -9 -9 -9 -9 -9 -9 -9 -9 -9 -9 -9 -9 -9 -9 -9 -9 -9 -9 -9
-9 -9 -9 -9 -9 -9 -9 -9 -9 -9 -9 -9 -9 -9 -9 -9 -9 -9 -9 -9 -9 -9 -9 -9 -9 -9 -9 -9 -9 -9 -9 -9 -9 -9 -9 -9 -9 -9 -9 -9 -9 -9 -9 -9 -9 -9 -9 -9 -9 -9 -9 -9 -9 -9 -9 -9 -9 -9 -9 -9 -9 -9 -9 -9 -9 -9 -9 -9 -9 -9 -9 -9 -9 -9 -9 -9 -9 -9 -9 -9 -9 -9 -9 -9 -9 -9 -9 -9 -9 -9 -9 -9 -9 -9 -9 85
-9 -9 -9 -9 -9 -9 -9 -9 -9 -9 -9 -9 -9 -9 -9 -9 -9 -9 -9 -9 -9 -9 -9 -9 -9 -9 -9 -9 -9 -9 -9 -9 -9 -9 -9 -9 -9 -9 -9 -9 -9 -9 -9 -9 -9 -9 -9 -9 -9 -9 -9 -9 -9 -9 -9 -9 -9 -9 -9 -9 -9 -9 -9 -9 -9 -9 -9 -9 -9 -9 -9 -9 -9 -9 -9 -9 -9 -9 -9 -9 -9 -9 -9 -9 -9 -9 -9 -9 -9 -9 -9 -9 -9 -9 70 73
-9 -9 -9 -9 -9 -9 -9 -9 -9 -9 -9 -9 -9 -9 -9 -9 -9 -9 -9 -9 -9 -9 -9 -9 -9 -9 -9 -9 -9 -9 -9 -9 -9 -9 -9 -9 -9 -9 -9 -9 -9 -9 -9 -9 -9 -9 -9 -9 -9 -9 -9 -9 -9 -9 -9 -9 -9 -9 -9 -9 -9 -9 -9 -9 -9 -9 -9 -9 -9 -9 -9 -9 -9 -9 -9 -9 -9 -9 -9 -9 -9 -9 -9 -9 -9 -9 -9 -9 -9 -9 -9 -9 -9 0 80 77
-9 -9 -9 -9 -9 -9 -9 -9 -9 -9 -9 -9 -9 -9 -9 -9 -9 -9 -9 -9 -9 -9 -9 -9 -9 -9 -9 -9 -9 -9 -9 -9 -9 -9 -9 -9 -9 -9 -9 -9 -9 -9 -9 -9 -9 -9 -9 -9 -9 -9 -9 -9 -9 -9 -9 -9 -9 -9 -9 -9 -9 -9 -9 -9 -9 -9 -9 -9 -9 -9 -9 -9 -9 -9 -9 -9 -9 -9 -9 -9 -9 -9 -9 -9 -9 -9 -9 -9 -9 -9 -9 -9 -9 0 76 83
-9 -9 -9 -9 -9 -9 -9 -9 -9 -9 -9 -9 -9 -9 -9 -9 -9 -9 -9 -9 -9 -9 -9 -9 -9 -9 -9 -9 -9 -9 -9 -9 -9 -9 -9 -9 -9 -9 -9 -9 -9 -9 -9 -9 -9 -9 -9 -9 -9 -9 -9 -9 -9 -9 -9 -9 -9 -9 -9 -9 -9 -9 -9 -9 -9 -9 -9 -9 -9 -9 -9 -9 -9 -9 -9 -9 -9 -9 -9 -9 -9 -9 -9 -9 -9 -9 -9 -9 -9 -9 -9 -9 0 75 81 83
-9 -9 -9 -9 -9 -9 -9 -9 -9 -9 -9 -9 -9 -9 -9 -9 -9 -9 -9 -9 -9 -9 -9 -9 -9 -9 -9 -9 -9 -9 -9 -9 -9 -9 -9 -9 -9 -9 -9 -9 -9 -9 -9 -9 -9 -9 -9 -9 -9 -9 -9 -9 -9 -9 -9 -9 -9 -9 -9 -9 -9 -9 -9 -9 -9 -9 -9 -9 -9 -9 -9 -9 -9 -9 -9 -9 -9 -9 -9 -9 -9 -9 -9 -9 -9 -9 -9 -9 -9 -9 -9 -9 60 80 71 79
-9 -9 -9 -9 -9 -9 -9 -9 -9 -9 -9 -9 -9 -9 -9 -9 -9 -9 -9 -9 -9 -9 -9 -9 -9 -9 -9 -9 -9 -9 -9 -9 -9 -9 -9 -9 -9 -9 -9 -9 -9 -9 -9 -9 -9 -9 -9 -9 -9 -9 -9 -9 -9 -9 -9 -9 -9 -9 -9 -9 -9 -9 -9 -9 -9 -9 -9 -9 -9 -9 -9 -9 -9 -9 -9 -9 -9 -9 -9 -9 -9 -9 -9 -9 -9 -9 -9 -9 -9 53 66 70 86 90 88 86
-9 -9 -9 -9 -9 -9 -9 -9 -9 -9 -9 -9 -9 -9 -9 -9 -9 -9 -9 -9 -9 -9 -9 -9 -9 -9 -9 -9 -9 -9 -9 -9 -9 -9 -9 -9 -9 -9 -9 -9 -9 -9 -9 -9 -9 -9 -9 -9 -9 -9 -9 -9 -9 -9 -9 -9 -9 -9 -9 -9 -9 -9 -9 -9 -9 -9 -9 -9 -9 64 -9 -9 -9 -9 -9 -9 -9 -9 -9 -9 -9 -9 -9 -9 -9 -9 62 80 72 73 74 87 90 91 80 83
-9 -9 -9 -9 -9 -9 -9 -9 -9 -9 -9 -9 -9 -9 -9 -9 -9 -9 -9 -9 -9 -9 -9 -9 -9 -9 -9 -9 -9 -9 -9 -9 -9 -9 -9 -9 -9 -9 -9 -9 -9 -9 -9 -9 -9 -9 -9 -9 -9 -9 -9 -9 -9 -9 -9 -9 -9 -9 -9 -9 -9 -9 -9 -9 -9 87 74 82 84 76 70 82 86 -9 -9 70 73 63 -9 -9 -9 -9 -9 -9 67 82 72 84 79 88 84 89 86 83 84 80
-9 -9 -9 -9 -9 -9 -9 -9 -9 -9 -9 -9 -9 -9 -9 -9 -9 -9 -9 -9 -9 -9 -9 -9 -9 -9 -9 -9 -9 -9 -9 -9 -9 -9 -9 -9 -9 -9 -9 -9 -9 -9 -9 -9 -9 -9 -9 -9 -9 -9 -9 -9 -9 -9 -9 -9 -9 -9 -9 -9 -9 -9 0 0 86 77 62 66 85 92 75 74 72 83 70 80 93 71 62 55 58 -9 77 76 73 77 79 91 93 86 83 76 78 77 84 78
-9 -9 -9 -9 -9 -9 -9 -9 -9 -9 -9 -9 -9 -9 -9 -9 -9 -9 -9 -9 -9 -9 -9 -9 -9 -9 -9 -9 -9 -9 -9 -9 -9 -9 -9 -9 -9 -9 -9 -9 -9 -9 -9 -9 -9 -9 -9 -9 -9 -9 -9 -9 -9 -9 -9 -9 -9 -9 -9 -9 -9 56 52 0 0 0 55 63 79 91 86 88 79 88 89 94 94 82 63 66 68 77 77 81 86 84 92 89 91 86 78 71 75 60 75 91
-9 -9 -9 -9 -9 -9 -9 -9 -9 -9 -9 -9 -9 -9 -9 -9 -9 -9 -9 -9 -9 -9 -9 -9 -9 -9 -9 -9 -9 -9 -9 -9 -9 -9 -9 -9 -9 -9 -9 -9 -9 -9 -9 -9 -9 -9 -9 -9 -9 -9 -9 -9 -9 -9 -9 -9 -9 -9 -9 -9 51 57 56 0 0 0 0 54 92 69 92 96 95 94 100 100 91 88 83 85 81 85 65 73 77 84 90 89 82 70 75 55 61 85 93 96
-9 -9 -9 -9 -9 -9 -9 -9 -9 -9 -9 -9 -9 -9 -9 -9 -9 -9 -9 -9 -9 -9 -9 -9 -9 -9 -9 -9 -9 -9 -9 -9 -9 -9 -9 -9 -9 -9 -9 -9 -9 -9 -9 -9 -9 -9 -9 -9 -9 -9 -9 -9 -9 -9 -9 -9 -9 -9 -9 91 63 60 56 0 0 0 0 86 70 92 74 78 100 95 93 91 87 92 78 83 86 84 85 83 73 83 80 73 55 55 59 74 83 95 90 88
-9 -9 -9 -9 -9 -9 -9 -9 -9 -9 -9 -9 -9 -9 -9 -9 -9 -9 -9 -9 -9 -9 -9 -9 -9 -9 -9 -9 -9 -9 -9 -9 -9 -9 -9 -9 -9 -9 -9 -9 -9 -9 -9 64 78 78 76 76 68 82 0 72 -9 -9 -9 -9 -9 -9 90 91 75 59 55 0 0 0 0 52 53 93 86 73 93 79 63 56 63 84 76 94 88 74 84 83 80 73 61 64 77 85 78 88 73 90 92 98
-9 -9 -9 -9 -9 -9 -9 -9 -9 -9 -9 -9 -9 -9 -9 -9 -9 -9 -9 -9 -9 -9 -9 -9 -9 -9 -9 -9 -9 -9 -9 -9 -9 -9 -9 -9 -9 -9 -9 -9 75 75 67 81 74 77 80 74 68 80 70 69 83 81 73 -9 -9 92 91 92 74 67 61 53 0 0 57 54 62 97 93 73 61 64 0 0 0 58 60 83 82 76 85 87 79 0 82 92 91 82 61 88 88 78 87 91
-9 -9 -9 -9 -9 -9 -9 -9 -9 -9 -9 -9 -9 -9 -9 -9 -9 -9 -9 -9 -9 -9 -9 -9 -9 -9 -9 -9 -9 -9 -9 -9 -9 -9 -9 -9 -9 -9 -9 77 76 64 78 75 70 62 74 71 85 76 88 84 87 89 89 77 92 96 91 92 87 82 68 58 52 0 0 0 92 83 67 83 51 0 0 52 76 64 0 81 64 85 69 78 75 79 88 93 98 88 67 89 87 92 91 89
-9 -9 -9 -9 -9 -9 -9 -9 -9 -9 -9 -9 -9 -9 -9 -9 -9 -9 -9 -9 -9 -9 -9 -9 -9 -9 -9 -9 -9 -9 -9 -9 -9 -9 -9 -9 -9 -9 0 80 73 76 75 81 65 60 55 82 78 84 88 91 86 89 91 90 90 92 94 98 96 84 82 68 62 53 51 56 0 0 0 0 0 64 63 92 96 94 82 64 60 63 79 87 89 83 93 98 96 87 71 94 93 98 96 92
-9 -9 -9 -9 -9 -9 -9 -9 -9 -9 -9 -9 -9 -9 -9 -9 -9 -9 -9 -9 -9 -9 -9 -9 -9 -9 -9 -9 -9 -9 -9 -9 -9 -9 -9 -9 -9 -9 52 70 74 74 85 82 83 83 86 90 85 90 85 91 92 92 96 97 87 91 97 96 98 85 85 88 88 53 61 53 59 0 0 64 84 92 91 99 96 91 98 93 98 90 94 91 98 93 94 92 80 66 75 89 90 94 98 96
-9 -9 -9 -9 -9 -9 -9 -9 -9 -9 -9 -9 -9 -9 -9 -9 -9 -9 -9 -9 -9 -9 -9 -9 -9 -9 -9 -9 -9 -9 -9 -9 -9 -9 -9 -9 -9 -9 66 83 80 84 88 88 84 80 83 91 96 98 94 89 92 97 100 95 88 88 89 93 95 88 87 86 61 90 54 82 77 92 90 92 95 99 94 99 100 100 96 98 99 94 85 95 99 96 95 93 83 82 80 94 91 98 96 99
-9 -9 -9 -9 -9 -9 -9 -9 -9 -9 -9 -9 -9 -9 -9 -9 -9 -9 -9 -9 -9 -9 -9 -9 -9 -9 -9 -9 -9 -9 -9 -9 -9 -9 -9 -9 -9 0 69 79 90 90 96 81 84 92 82 84 82 84 81 75 96 98 96 97 97 97 87 88 88 89 93 78 52 69 0 90 76 83 89 60 75 84 96 99 100 100 97 97 95 92 98 96 92 96 97 95 67 74 64 87 92 99 99 100
-9 -9 -9 -9 -9 -9 -9 -9 -9 -9 -9 -9 -9 -9 -9 -9 -9 -9 -9 -9 -9 -9 -9 -9 -9 -9 -9 -9 -9 -9 -9 -9 -9 -9 -9 -9 -9 62 79 91 97 97 90 89 81 57 89 92 94 93 92 91 97 98 99 96 90 92 88 90 85 99 97 94 92 88 54 88 87 98 89 83 85 93 96 97 97 100 95 89 94 97 100 93 100 98 95 76 84 92 93 100 98 95 99 98
-9 -9 -9 -9 -9 -9 -9 -9 -9 -9 -9 -9 -9 -9 -9 -9 -9 -9 -9 -9 -9 -9 -9 -9 -9 -9 -9 -9 -9 -9 -9 -9 -9 -9 -9 -9 60 70 88 81 88 90 96 97 97 77 78 86 93 87 94 95 99 99 93 82 84 90 97 93 87 81 83 86 85 94 83 95 97 94 91 88 89 89 96 99 95 99 99 100 96 99 100 94 99 96 93 68 91 92 92 93 94 94 97 98
-9 -9 -9 -9 -9 -9 -9 -9 -9 -9 -9 -9 -9 -9 -9 -9 -9 -9 -9 -9 -9 -9 -9 -9 -9 -9 -9 -9 -9 -9 -9 -9 -9 -9 -9 61 91 74 85 80 94 97 96 86 94 81 63 86 99 98 98 96 94 97 95 88 95 91 75 77 81 81 87 89 85 83 81 94 100 97 93 89 92 92 94 91 93 100 100 100 99 92 97 91 99 96 95 87 97 92 93 93 96 100 96 94
-9 -9 -9 -9 -9 -9 -9 -9 -9 -9 -9 -9 -9 -9 -9 -9 -9 -9 -9 -9 -9 -9 -9 -9 -9 -9 -9 -9 -9 -9 -9 -9 -9 -9 85 0 96 93 97 77 95 97 96 91 86 84 85 95 94 95 98 100 96 94 96 99 93 83 80 89 91 85 82 83 91 91 85 91 97 98 92 100 99 97 97 100 100 100 100 85 93 76 84 77 93 89 81 84 91 92 93 84 94 98 100 96
-9 -9 -9 -9 -9 -9 -9 -9 -9 -9 -9 -9 -9 -9 -9 -9 -9 -9 -9 -9 -9 -9 -9 -9 -9 -9 -9 -9 -9 -9 -9 -9 -9 -9 67 74 98 99 97 71 94 96 93 85 88 91 95 98 98 100 100 98 86 100 94 93 86 81 84 87 87 75 81 93 93 98 99 100 100 98 100 100 100 100 100 100 100 95 93 83 88 86 80 85 83 80 79 86 89 92 99 100 91 94 100 99
-9 -9 -9 -9 -9 -9 -9 -9 -9 -9 -9 -9 -9 -9 -9 -9 -9 -9 -9 -9 -9 -9 -9 -9 -9 -9 -9 -9 -9 -9 -9 -9 -9 -9 72 84 94 95 95 97 97 99 96 92 86 96 93 91 91 92 82 91 85 77 87 78 87 89 91 90 85 84 95 97 97 96 98 87 87 94 87 82 98 90 100 95 98 99 81 80 89 89 91 92 92 93 83 93 95 97 91 100 96 69 98 100
-9 -9 -9 -9 -9 -9 -9 -9 -9 -9 -9 -9 -9 -9 -9 -9 -9 -9 -9 -9 -9 -9 -9 -9 -9 -9 -9 -9 -9 -9 -9 -9 -9 74 64 84 84 91 94 77 83 89 89 71 84 88 80 87 89 92 90 95 82 78 87 81 87 86 92 98 90 98 97 97 94 92 94 98 94 84 83 85 94 92 90 92 84 78 83 90 82 73 92 87 90 90 95 94 99 98 95 91 97 94 83 97
-9 -9 -9 -9 -9 -9 -9 -9 -9 -9 -9 -9 -9 -9 -9 -9 -9 -9 -9 -9 -9 -9 -9 -9 -9 -9 -9 -9 -9 -9 -9 -9 -9 -9 61 81 89 85 83 62 82 89 76 79 88 84 94 95 93 98 98 97 95 85 93 92 77 88 94 100 99 100 100 93 79 80 88 95 98 97 96 95 90 97 63 63 73 90 88 95 93 95 86 86 91 95 98 96 95 97 96 91 94 94 85 95
-9 -9 -9 -9 -9 -9 -9 -9 -9 -9 -9 -9 -9 -9 -9 -9 -9 -9 -9 -9 -9 -9 -9 -9 -9 -9 -9 -9 -9 -9 -9 -9 -9 -9 89 67 64 84 66 81 97 93 94 88 90 89 90 93 99 87 97 96 97 98 98 97 99 98 98 98 99 100 98 82 82 70 73 71 77 93 97 95 99 88 82 77 95 93 90 97 97 95 93 94 94 96 99 99 90 92 100 98 98 94 90 88
-9 -9 -9 -9 -9 -9 -9 -9 -9 -9 -9 -9 -9 -9 -9 -9 -9 -9 -9 -9 -9 -9 -9 -9 -9 -9 -9 -9 -9 -9 -9 -9 -9 -9 84 86 76 95 97 97 97 93 82 75 89 91 99 98 87 95 78 67 71 74 72 70 67 68 76 82 81 85 93 75 84 82 93 90 97 98 96 88 77 81 84 92 91 80 77 94 98 98 94 95 97 99 99 99 98 73 95 100 100 92 94 83
-9 -9 -9 -9 -9 -9 -9 -9 -9 -9 -9 -9 -9 -9 -9 -9 -9 -9 -9 -9 -9 -9 -9 -9 -9 -9 -9 -9 -9 -9 -9 -9 -9 -9 -9 78 93 94 94 96 89 77 69 84 84 91 86 85 82 88 85 78 89 85 69 65 68 85 89 80 95 97 81 89 72 73 96 86 79 77 77 89 93 95 77 77 86 89 89 91 95 93 99 95 100 100 98 100 93 77 91 100 98 99 94 85
-9 -9 -9 -9 -9 -9 -9 -9 -9 -9 -9 -9 -9 -9 -9 -9 -9 -9 -9 -9 -9 -9 -9 -9 -9 -9 -9 -9 -9 -9 -9 -9 -9 -9 -9 93 94 92 96 94 93 76 82 90 92 84 85 88 84 87 68 80 92 89 76 74 88 96 97 99 97 89 95 96 81 62 65 76 82 94 91 95 97 90 79 84 92 74 92 92 97 99 98 97 100 100 99 89 98 85 92 100 96 100 90 93
-9 -9 -9 -9 -9 -9 -9 -9 -9 -9 -9 -9 -9 -9 -9 -9 -9 -9 -9 -9 -9 -9 -9 -9 -9 -9 -9 -9 -9 -9 -9 -9 -9 -9 96 97 96 88 94 96 87 91 90 85 89 78 79 73 77 80 68 72 66 54 70 80 76 79 77 64 76 68 63 62 54 93 86 93 91 89 95 88 79 82 93 90 71 95 96 95 95 98 96 90 100 100 99 100 93 97 81 100 99 97 97 96
-9 -9 -9 -9 -9 -9 -9 -9 -9 -9 -9 -9 -9 -9 -9 -9 -9 -9 -9 -9 -9 -9 -9 -9 -9 -9 -9 -9 -9 -9 -9 -9 -9 83 88 92 95 95 94 86 77 73 75 86 80 70 77 71 56 55 69 81 92 97 99 99 98 87 81 61 0 0 64 88 65 88 75 76 90 91 76 93 89 95 97 93 96 99 100 98 92 98 92 94 89 96 97 92 99 98 94 100 100 95 98 97
-9 -9 -9 -9 -9 -9 -9 -9 -9 -9 -9 -9 -9 -9 -9 -9 -9 -9 -9 -9 -9 -9 -9 -9 -9 -9 -9 -9 -9 -9 -9 -9 -9 88 91 91 95 89 96 79 72 86 79 81 80 87 81 76 72 65 69 99 91 84 0 51 0 51 0 73 87 86 84 85 82 87 83 85 86 82 73 85 85 92 76 94 100 100 98 98 97 98 100 100 88 100 99 99 99 94 98 80 100 99 99 93
-9 -9 -9 -9 -9 -9 -9 -9 -9 -9 -9 -9 -9 -9 -9 -9 -9 -9 -9 -9 -9 -9 -9 -9 -9 -9 -9 -9 -9 -9 -9 87 87 86 87 83 87 94 83 76 79 85 85 82 78 76 0 63 71 84 90 75 70 77 75 73 78 56 82 86 76 67 59 70 70 77 72 86 89 91 87 86 88 83 84 96 94 97 99 98 96 100 99 97 96 95 98 97 95 99 95 85 96 100 99 87
-9 -9 -9 -9 -9 -9 -9 -9 -9 -9 -9 -9 -9 -9 -9 -9 -9 -9 -9 -9 -9 -9 -9 -9 -9 -9 -9 -9 -9 -9 89 91 89 90 86 77 95 88 59 92 85 89 85 85 67 0 76 93 95 94 93 84 76 73 78 83 85 86 77 56 0 63 83 86 83 76 81 92 93 91 87 90 92 88 82 95 93 95 92 94 88 96 98 99 93 91 91 97 95 100 96 93 92 98 100 97
-9 -9 -9 -9 -9 -9 -9 -9 -9 -9 -9 -9 -9 -9 -9 -9 -9 -9 -9 -9 -9 -9 -9 -9 -9 -9 -9 -9 -9 92 93 84 70 81 96 90 79 78 61 82 81 86 79 56 0 79 87 73 70 69 0 0 58 75 80 62 81 70 59 67 89 88 91 84 80 86 88 94 94 92 92 88 93 94 95 95 89 96 94 92 90 73 69 95 97 97 86 93 96 95 97 97 93 92 98 96
-9 -9 -9 -9 -9 -9 -9 -9 -9 -9 -9 -9 -9 -9 -9 -9 -9 -9 -9 -9 -9 -9 -9 -9 -9 -9 -9 -9 96 90 83 66 68 91 85 82 69 83 83 82 85 76 84 79 81 69 0 0 0 0 0 73 85 75 69 68 59 71 70 87 90 95 90 84 86 82 91 95 96 93 95 97 96 88 96 94 96 96 91 94 88 87 84 96 94 94 85 87 85 96 97 97 94 90 95 96
-9 -9 -9 -9 -9 -9 -9 -9 -9 -9 -9 -9 -9 -9 -9 -9 -9 -9 -9 -9 -9 -9 -9 -9 -9 -9 -9 96 85 88 60 68 79 82 70 73 89 83 84 86 82 91 79 83 63 0 0 0 0 0 0 0 70 61 70 65 77 92 90 89 94 95 92 85 89 89 90 91 96 92 96 94 96 96 93 95 95 93 93 96 93 92 95 86 85 87 81 80 83 92 95 98 94 91 90 97
-9 -9 -9 -9 -9 -9 -9 -9 -9 -9 -9 -9 -9 -9 -9 -9 -9 -9 -9 -9 -9 -9 -9 -9 -9 -9 -9 82 84 75 74 72 77 62 66 78 60 79 85 83 85 74 71 0 0 0 70 70 77 69 74 0 57 81 81 64 72 83 89 95 95 89 89 91 90 91 86 92 92 95 95 94 93 96 93 90 92 94 93 96 92 95 92 85 83 87 88 90 90 91 98 95 92 90 90 89
-9 -9 -9 -9 -9 -9 -9 -9 -9 -9 -9 -9 -9 -9 -9 -9 -9 -9 -9 -9 -9 -9 -9 -9 -9 -9 72 74 73 73 81 78 67 66 77 0 65 80 84 82 60 62 67 63 76 76 77 77 77 65 0 60 84 84 75 78 90 91 94 93 91 92 95 90 91 86 81 80 84 93 93 94 94 91 94 87 89 97 95 94 95 96 94 90 89 89 91 89 93 92 96 95 88 86 90 88
-9 -9 -9 -9 -9 -9 -9 -9 -9 -9 -9 -9 -9 -9 -9 -9 -9 -9 -9 -9 -9 -9 -9 -9 61 66 78 77 73 88 83 80 64 81 0 67 84 89 73 0 0 64 60 76 54 64 78 59 0 0 61 61 86 78 78 82 92 95 87 89 96 95 93 93 90 87 91 85 94 95 93 93 93 93 92 87 88 95 97 97 98 98 96 97 92 90 94 95 92 87 86 95 80 88 91 91
-9 -9 -9 -9 -9 -9 -9 -9 -9 -9 -9 -9 -9 -9 -9 -9 -9 -9 -9 -9 -9 88 83 67 79 75 78 68 86 89 83 84 88 82 83 89 62 78 0 71 86 86 98 74 64 90 0 0 0 52 59 65 64 64 78 92 91 93 92 98 96 98 92 88 88 91 94 94 96 95 94 90 93 88 84 85 77 84 93 94 97 93 92 92 96 93 96 93 95 87 84 91 91 79 83 90
-9 -9 -9 -9 -9 -9 -9 -9 -9 -9 -9 -9 -9 -9 -9 -9 -9 -9 -9 -9 83 68 63 75 80 80 71 75 90 96 84 71 77 81 87 54 68 0 60 84 83 99 72 73 72 52 71 0 64 73 69 72 67 68 89 89 94 96 92 98 96 90 84 82 91 95 95 94 97 94 95 93 94 94 92 68 68 58 81 82 76 83 84 91 97 93 93 93 89 91 86 88 92 88 76 84
-9 -9 -9 -9 -9 -9 -9 -9 -9 -9 -9 -9 -9 -9 -9 -9 -9 -9 -9 71 76 75 68 73 78 75 68 84 93 83 64 69 55 84 0 70 61 0 76 86 85 79 71 57 0 60 79 71 90 78 60 64 69 87 92 97 95 94 92 97 93 79 80 92 97 95 93 96 94 95 95 94 95 95 83 60 55 52 67 61 0 67 81 95 97 88 95 98 93 79 59 58 95 85 82 71
-9 -9 -9 -9 -9 -9 -9 -9 -9 -9 -9 -9 -9 -9 -9 -9 -9 -9 81 82 78 71 78 81 91 82 74 74 53 59 65 78 0 0 77 54 0 62 85 72 72 68 0 0 0 0 0 63 74 52 0 52 89 89 90 82 90 94 93 93 91 84 80 88 91 93 94 95 96 96 95 95 97 90 81 57 64 0 0 0 0 52 67 92 98 87 82 84 69 54 0 0 52 81 71 79
-9 -9 -9 -9 -9 -9 -9 -9 -9 -9 -9 -9 -9 -9 -9 -9 -9 83 78 78 74 74 86 77 86 86 69 0 56 62 69 0 67 75 73 0 55 83 90 64 0 0 60 62 63 55 0 56 55 0 0 73 88 80 82 78 88 92 88 83 84 87 92 90 86 83 87 87 97 98 96 97 99 92 82 85 0 73 69 69 0 67 80 97 98 88 67 56 0 0 0 0 65 74 75 90
-9 -9 -9 -9 -9 -9 -9 -9 -9 -9 -9 -9 -9 -9 -9 -9 -9 74 79 77 78 87 84 80 0 0 63 66 55 51 0 61 68 59 0 0 62 88 0 0 0 55 59 61 60 0 77 86 51 0 0 73 90 82 70 68 79 76 69 63 82 89 88 96 94 95 88 90 93 98 94 98 98 96 91 85 67 79 85 62 63 79 94 98 87 78 64 0 0 0 0 0 62 75 78 90
-9 -9 -9 -9 -9 -9 -9 -9 -9 -9 -9 -9 -9 -9 -9 -9 -9 73 83 78 88 81 79 54 0 0 0 0 0 57 65 74 75 72 0 0 68 51 0 0 58 59 61 69 65 83 77 0 0 58 84 88 90 89 90 79 81 85 74 74 88 79 95 96 93 96 91 97 89 88 86 96 98 99 97 89 81 65 69 79 87 94 96 80 60 66 0 0 0 0 53 72 56 78 89 90
-9 -9 -9 -9 -9 -9 -9 -9 -9 -9 -9 -9 -9 -9 -9 -9 75 81 73 84 65 79 74 0 0 0 55 62 65 72 93 93 71 0 0 54 54 0 0 0 58 60 60 78 86 69 0 0 0 85 92 89 87 93 95 92 91 97 95 96 92 87 93 95 95 96 96 96 90 87 76 93 98 96 99 98 88 64 59 76 96 98 95 0 61 0 0 0 0 0 0 83 67 72 0 0
-9 -9 -9 -9 -9 -9 -9 -9 -9 -9 -9 -9 -9 -9 -9 -9 55 57 82 84 82 0 0 56 61 76 64 71 87 93 83 67 0 0 78 64 0 0 0 60 59 58 76 81 0 0 0 0 82 94 91 88 86 92 96 86 87 93 98 97 97 96 87 85 87 95 96 96 89 88 87 97 88 84 77 94 87 73 73 94 87 0 87 51 0 0 0 0 0 0 60 67 79 85 57 0
-9 -9 -9 -9 -9 -9 -9 -9 -9 -9 -9 -9 -9 -9 -9 -9 -9 62 90 80 77 65 64 76 52 0 0 91 85 70 63 0 66 72 65 0 0 0 55 54 0 76 78 0 0 0 73 92 96 81 80 80 88 91 91 85 94 93 94 95 86 88 79 78 82 96 96 93 96 95 97 92 87 96 78 81 80 76 94 93 0 0 92 0 0 0 0 0 0 60 77 0 86 74 0 0
-9 -9 -9 -9 -9 -9 -9 -9 -9 -9 -9 -9 -9 -9 -9 -9 -9 0 0 55 62 68 63 0 53 52 0 0 0 0 0 0 0 57 0 0 0 53 0 0 76 69 0 0 0 72 91 91 93 90 77 65 88 91 90 91 95 93 95 95 88 85 88 89 78 81 91 97 94 78 76 78 82 83 93 78 67 67 96 0 0 0 86 0 0 0 0 0 72 74 0 67 84 0 0 0
-9 -9 -9 -9 -9 -9 -9 -9 -9 -9 -9 -9 -9 -9 -9 -9 -9 68 76 0 66 0 53 58 68 56 0 0 0 54 60 0 0 0 0 0 51 0 0 74 71 0 0 53 89 95 94 92 92 75 0 78 87 87 92 94 95 93 95 91 86 93 79 89 89 77 91 93 72 72 77 80 91 92 96 72 73 69 85 0 0 0 62 0 0 0 0 0 63 0 0 62 0 0 0 54
-9 -9 -9 -9 -9 -9 -9 -9 -9 -9 -9 -9 -9 -9 -9 -9 77 57 51 72 81 78 0 52 58 0 0 71 82 84 60 0 0 0 0 51 0 0 59 63 0 0 0 85 95 91 94 90 74 53 74 87 79 93 94 96 94 95 89 95 94 85 86 81 80 79 89 92 86 89 83 66 66 65 92 87 55 80 71 0 0 0 68 0 0 0 0 68 53 59 0 0 0 53 0 0
-9 -9 -9 -9 -9 -9 -9 -9 -9 -9 -9 -9 -9 -9 -9 -9 77 61 53 58 55 54 61 75 64 63 69 90 85 0 0 0 0 0 0 0 79 85 73 0 52 0 54 85 93 94 93 85 79 67 82 85 89 94 88 95 96 97 95 94 90 88 90 65 82 83 85 90 72 68 71 66 84 74 67 91 99 78 77 0 0 0 0 52 0 0 0 55 52 0 0 0 0 0 0 0
-9 -9 -9 -9 -9 -9 -9 -9 -9 -9 -9 -9 -9 -9 -9 75 66 0 0 65 0 0 0 0 0 0 79 77 53 0 0 0 0 0 0 79 84 88 87 85 59 81 90 82 86 94 89 87 90 71 87 91 93 95 92 97 96 89 94 97 92 94 89 70 89 82 80 84 93 92 91 87 79 0 0 0 54 67 74 60 0 0 0 0 0 0 0 0 67 0 0 0 0 0 0 0
-9 -9 -9 -9 -9 -9 -9 -9 -9 -9 -9 -9 -9 0 0 0 54 0 72 78 0 0 0 0 51 86 80 54 0 0 0 72 65 61 85 95 93 94 91 70 58 79 92 91 93 89 83 86 87 85 93 92 95 94 96 89 95 92 94 94 60 89 94 83 85 79 80 94 91 90 86 76 66 77 71 61 0 0 0 0 0 0 0 0 0 0 0 0 61 0 0 0 0 0 0 0
-9 -9 -9 -9 -9 -9 -9 -9 -9 -9 -9 -9 0 0 74 0 63 63 69 74 69 62 0 0 73 74 53 0 0 0 69 81 88 87 94 94 91 96 64 53 68 79 91 94 93 93 91 88 84 95 96 90 92 91 94 89 82 78 93 72 0 0 96 82 87 73 82 78 81 87 65 68 0 0 0 0 0 0 0 0 0 0 0 57 64 0 0 0 0 0 0 0 0 0 0 0
-9 -9 -9 -9 -9 -9 -9 -9 -9 -9 -9 0 0 62 55 62 63 71 55 0 0 0 58 74 78 0 0 0 0 69 89 93 87 96 95 95 94 81 60 0 87 93 94 91 81 93 93 89 93 96 94 98 96 93 93 98 94 58 0 0 0 0 69 91 84 80 76 69 67 79 0 0 0 0 0 0 0 0 0 0 0 0 0 0 58 0 51 61 55 0 0 0 0 0 0 0
-9 -9 -9 -9 -9 -9 -9 -9 -9 -9 0 0 62 59 67 62 54 0 0 0 78 75 64 75 0 0 0 0 88 87 85 94 85 95 93 94 87 59 0 82 92 80 86 89 85 88 91 88 95 97 98 95 96 96 98 91 0 0 0 0 0 0 0 96 88 79 73 57 67 67 77 81 0 0 0 0 0 0 0 0 0 58 69 55 84 80 78 59 0 73 0 0 0 0 0 0
-9 -9 -9 -9 -9 -9 -9 -9 -9 0 0 60 66 0 0 0 0 0 0 56 89 0 0 59 56 0 0 0 88 80 94 92 83 94 86 89 69 54 72 92 89 88 86 88 95 91 92 83 95 96 59 0 77 0 55 89 75 69 65 0 0 0 0 68 86 86 79 70 60 70 68 83 0 0 0 0 0 0 0 0 64 55 0 0 0 0 0 0 0 0 60 56 0 0 0 0
-9 -9 -9 -9 -9 -9 -9 64 0 0 67 0 0 0 0 0 0 0 0 0 0 0 65 54 68 0 0 63 91 89 96 88 90 94 85 72 63 63 87 82 77 81 93 94 94 77 86 63 92 94 0 0 0 0 0 69 0 0 0 0 0 0 0 0 0 58 85 74 57 56 68 60 0 0 0 0 0 0 55 57 0 0 0 0 0 0 0 0 0 0 0 0 0 0 0 0
-9 -9 -9 -9 -9 -9 63 0 62 66 53 0 0 0 0 0 0 0 0 56 56 0 65 0 55 0 0 82 91 89 92 91 84 88 85 69 74 89 93 81 76 89 90 83 70 72 79 61 93 55 0 0 0 0 0 0 0 0 0 0 0 0 0 0 0 0 0 59 79 72 0 64 59 54 0 0 0 64 0 0 0 0 0 0 0 0 0 0 0 0 0 0 0 0 0 0
-9 -9 -9 -9 -9 76 59 76 80 0 0 0 0 0 0 0 55 0 0 61 0 56 0 54 0 0 53 89 86 93 92 85 91 89 72 62 91 92 91 76 82 93 84 70 79 85 71 61 90 0 0 0 0 0 64 0 0 0 0 0 77 85 91 92 95 90 86 52 59 77 72 53 0 0 0 0 0 0 0 0 0 0 0 0 0 0 0 0 0 0 0 0 0 0 0 0
-9 -9 -9 -9 -9 75 81 76 0 0 0 0 0 0 0 0 57 0 0 0 0 69 70 55 0 0 71 86 79 76 81 90 92 89 81 76 86 91 91 91 82 80 81 82 76 88 75 63 63 0 86 68 0 0 0 0 0 0 0 87 90 73 68 59 68 91 63 0 0 0 87 72 0 0 0 0 0 0 0 0 0 0 0 0 0 0 0 0 0 0 0 0 0 0 0 0
-9 -9 -9 -9 -9 79 79 0 0 0 0 0 0 0 0 0 0 0 0 0 64 69 62 0 55 0 74 86 85 81 91 91 84 86 84 89 80 86 93 90 86 89 86 83 83 81 86 56 51 86 82 0 0 0 0 0 0 63 90 72 52 0 0 0 0 85 0 0 0 0 89 0 0 0 0 0 0 0 0 0 0 0 61 0 0 0 0 0 0 0 0 0 0 0 0 0
-9 -9 -9 -9 84 68 0 0 0 0 0 0 0 55 63 0 0 0 0 58 70 63 58 0 53 0 53 93 83 88 92 88 68 89 88 87 77 92 92 92 88 89 92 98 93 80 62 52 83 67 56 0 0 0 0 0 0 64 57 0 0 0 0 70 75 0 0 0 0 77 80 0 0 0 0 0 0 0 0 0 0 0 0 0 0 0 0 0 0 0 0 0 0 0 0 0
-9 -9 -9 -9 86 0 0 0 0 0 0 0 52 59 0 0 0 0 0 71 65 68 64 0 0 0 0 84 80 88 86 70 57 83 90 91 77 92 86 82 79 93 57 0 67 79 70 80 0 0 0 52 53 0 0 0 0 68 63 0 0 0 0 0 0 0 0 0 76 74 0 52 0 0 0 0 0 0 0 0 0 0 0 0 0 0 0 0 0 0 0 0 0 0 0 0
