data/habitatmaps/RK_hsi_plus_2km_2017.asc
NCOLS 183 
NROWS 114 
XLLCORNER 479000 
YLLCORNER 73000 
CELLSIZE 2000 
NODATA_value -9 
[rows 0 to 70 of 114, columns 0 to 95 of 183]
-9 -9 -9 -9 -9 -9 -9 -9 -9 -9 -9 -9 -9 -9 -9 -9 -9 -9 -9 -9 -9 -9 -9 -9 -9 -9 -9 -9 -9 -9 -9 -9 -9 -9 -9 -9 -9 -9 -9 -9 -9 -9 -9 -9 -9 -9 -9 -9 -9 -9 -9 -9 -9 -9 -9 -9 -9 -9 -9 -9 -9 -9 -9 -9 -9 -9 -9 -9 -9 -9 -9 -9 -9 -9 -9 -9 -9 -9 -9 -9 -9 -9 -9 -9 -9 -9 -9 -9 -9 -9 -9 -9 -9 -9 -9 -9
-9 -9 -9 -9 -9 -9 -9 -9 -9 -9 -9 -9 -9 -9 -9 -9 -9 -9 -9 -9 -9 -9 -9 -9 -9 -9 -9 -9 -9 -9 -9 -9 -9 -9 -9 -9 -9 -9 -9 -9 -9 -9 -9 -9 -9 -9 -9 -9 -9 -9 -9 -9 -9 -9 -9 -9 -9 -9 -9 -9 -9 -9 -9 -9 -9 -9 -9 -9 -9 -9 -9 -9 -9 -9 -9 -9 -9 -9 -9 -9 -9 -9 -9 -9 -9 -9 -9 -9 -9 -9 -9 -9 -9 -9 -9 85
-9 -9 -9 -9 -9 -9 -9 -9 -9 -9 -9 -9 -9 -9 -9 -9 -9 -9 -9 -9 -9 -9 -9 -9 -9 -9 -9 -9 -9 -9 -9 -9 -9 -9 -9 -9 -9 -9 -9 -9 -9 -9 -9 -9 -9 -9 -9 -9 -9 -9 -9 -9 -9 -9 -9 -9 -9 -9 -9 -9 -9 -9 -9 -9 -9 -9 -9 -9 -9 -9 -9 -9 -9 -9 -9 -9 -9 -9 -9 -9 -9 -9 -9 -9 -9 -9 -9 -9 -9 -9 -9 -9 -9 -9 69 75
-9 -9 -9 -9 -9 -9 -9 -9 -9 -9 -9 -9 -9 -9 -9 -9 -9 -9 -9 -9 -9 -9 -9 -9 -9 -9 -9 -9 -9 -9 -9 -9 -9 -9 -9 -9 -9 -9 -9 -9 -9 -9 -9 -9 -9 -9 -9 -9 -9 -9 -9 -9 -9 -9 -9 -9 -9 -9 -9 -9 -9 -9 -9 -9 -9 -9 -9 -9 -9 -9 -9 -9 -9 -9 -9 -9 -9 -9 -9 -9 -9 -9 -9 -9 -9 -9 -9 -9 -9 -9 -9 -9 -9 0 79 77
-9 -9 -9 -9 -9 -9 -9 -9 -9 -9 -9 -9 -9 -9 -9 -9 -9 -9 -9 -9 -9 -9 -9 -9 -9 -9 -9 -9 -9 -9 -9 -9 -9 -9 -9 -9 -9 -9 -9 -9 -9 -9 -9 -9 -9 -9 -9 -9 -9 -9 -9 -9 -9 -9 -9 -9 -9 -9 -9 -9 -9 -9 -9 -9 -9 -9 -9 -9 -9 -9 -9 -9 -9 -9 -9 -9 -9 -9 -9 -9 -9 -9 -9 -9 -9 -9 -9 -9 -9 -9 -9 -9 -9 0 76 82
-9 -9 -9 -9 -9 -9 -9 -9 -9 -9 -9 -9 -9 -9 -9 -9 -9 -9 -9 -9 -9 -9 -9 -9 -9 -9 -9 -9 -9 -9 -9 -9 -9 -9 -9 -9 -9 -9 -9 -9 -9 -9 -9 -9 -9 -9 -9 -9 -9 -9 -9 -9 -9 -9 -9 -9 -9 -9 -9 -9 -9 -9 -9 -9 -9 -9 -9 -9 -9 -9 -9 -9 -9 -9 -9 -9 -9 -9 -9 -9 -9 -9 -9 -9 -9 -9 -9 -9 -9 -9 -9 -9 0 75 80 79
-9 -9 -9 -9 -9 -9 -9 -9 -9 -9 -9 -9 -9 -9 -9 -9 -9 -9 -9 -9 -9 -9 -9 -9 -9 -9 -9 -9 -9 -9 -9 -9 -9 -9 -9 -9 -9 -9 -9 -9 -9 -9 -9 -9 -9 -9 -9 -9 -9 -9 -9 -9 -9 -9 -9 -9 -9 -9 -9 -9 -9 -9 -9 -9 -9 -9 -9 -9 -9 -9 -9 -9 -9 -9 -9 -9 -9 -9 -9 -9 -9 -9 -9 -9 -9 -9 -9 -9 -9 -9 -9 -9 63 80 71 81
-9 -9 -9 -9 -9 -9 -9 -9 -9 -9 -9 -9 -9 -9 -9 -9 -9 -9 -9 -9 -9 -9 -9 -9 -9 -9 -9 -9 -9 -9 -9 -9 -9 -9 -9 -9 -9 -9 -9 -9 -9 -9 -9 -9 -9 -9 -9 -9 -9 -9 -9 -9 -9 -9 -9 -9 -9 -9 -9 -9 -9 -9 -9 -9 -9 -9 -9 -9 -9 -9 -9 -9 -9 -9 -9 -9 -9 -9 -9 -9 -9 -9 -9 -9 -9 -9 -9 -9 -9 51 73 74 87 90 88 87
-9 -9 -9 -9 -9 -9 -9 -9 -9 -9 -9 -9 -9 -9 -9 -9 -9 -9 -9 -9 -9 -9 -9 -9 -9 -9 -9 -9 -9 -9 -9 -9 -9 -9 -9 -9 -9 -9 -9 -9 -9 -9 -9 -9 -9 -9 -9 -9 -9 -9 -9 -9 -9 -9 -9 -9 -9 -9 -9 -9 -9 -9 -9 -9 -9 -9 -9 -9 -9 63 -9 -9 -9 -9 -9 -9 -9 -9 -9 -9 -9 -9 -9 -9 -9 -9 64 78 70 71 75 87 91 91 79 83
-9 -9 -9 -9 -9 -9 -9 -9 -9 -9 -9 -9 -9 -9 -9 -9 -9 -9 -9 -9 -9 -9 -9 -9 -9 -9 -9 -9 -9 -9 -9 -9 -9 -9 -9 -9 -9 -9 -9 -9 -9 -9 -9 -9 -9 -9 -9 -9 -9 -9 -9 -9 -9 -9 -9 -9 -9 -9 -9 -9 -9 -9 -9 -9 -9 88 73 81 84 64 68 84 85 -9 -9 69 75 64 -9 -9 -9 -9 -9 -9 66 82 75 82 79 88 83 90 87 83 85 81
-9 -9 -9 -9 -9 -9 -9 -9 -9 -9 -9 -9 -9 -9 -9 -9 -9 -9 -9 -9 -9 -9 -9 -9 -9 -9 -9 -9 -9 -9 -9 -9 -9 -9 -9 -9 -9 -9 -9 -9 -9 -9 -9 -9 -9 -9 -9 -9 -9 -9 -9 -9 -9 -9 -9 -9 -9 -9 -9 -9 -9 -9 0 0 86 78 61 66 85 75 66 65 70 84 70 81 93 72 68 59 62 -9 77 77 73 73 81 92 93 86 83 78 77 77 85 79
-9 -9 -9 -9 -9 -9 -9 -9 -9 -9 -9 -9 -9 -9 -9 -9 -9 -9 -9 -9 -9 -9 -9 -9 -9 -9 -9 -9 -9 -9 -9 -9 -9 -9 -9 -9 -9 -9 -9 -9 -9 -9 -9 -9 -9 -9 -9 -9 -9 -9 -9 -9 -9 -9 -9 -9 -9 -9 -9 -9 -9 52 0 0 0 0 55 64 79 90 85 90 84 91 91 95 94 83 66 74 73 78 78 82 87 82 92 90 91 86 78 72 73 61 75 91
-9 -9 -9 -9 -9 -9 -9 -9 -9 -9 -9 -9 -9 -9 -9 -9 -9 -9 -9 -9 -9 -9 -9 -9 -9 -9 -9 -9 -9 -9 -9 -9 -9 -9 -9 -9 -9 -9 -9 -9 -9 -9 -9 -9 -9 -9 -9 -9 -9 -9 -9 -9 -9 -9 -9 -9 -9 -9 -9 -9 51 54 54 0 0 0 0 54 92 69 92 96 95 93 100 100 94 89 80 86 81 86 66 74 75 83 91 89 82 69 73 54 59 84 92 96
-9 -9 -9 -9 -9 -9 -9 -9 -9 -9 -9 -9 -9 -9 -9 -9 -9 -9 -9 -9 -9 -9 -9 -9 -9 -9 -9 -9 -9 -9 -9 -9 -9 -9 -9 -9 -9 -9 -9 -9 -9 -9 -9 -9 -9 -9 -9 -9 -9 -9 -9 -9 -9 -9 -9 -9 -9 -9 -9 90 63 60 56 0 0 0 0 87 70 91 75 77 100 95 94 92 87 93 76 83 86 84 86 83 71 82 81 72 56 55 58 73 83 95 88 85
-9 -9 -9 -9 -9 -9 -9 -9 -9 -9 -9 -9 -9 -9 -9 -9 -9 -9 -9 -9 -9 -9 -9 -9 -9 -9 -9 -9 -9 -9 -9 -9 -9 -9 -9 -9 -9 -9 -9 -9 -9 -9 -9 64 76 77 75 76 68 82 0 72 -9 -9 -9 -9 -9 -9 90 91 75 59 55 0 0 0 0 54 53 94 87 73 93 81 71 58 64 83 69 94 87 82 87 84 80 74 66 67 77 86 78 88 73 90 92 99
-9 -9 -9 -9 -9 -9 -9 -9 -9 -9 -9 -9 -9 -9 -9 -9 -9 -9 -9 -9 -9 -9 -9 -9 -9 -9 -9 -9 -9 -9 -9 -9 -9 -9 -9 -9 -9 -9 -9 -9 75 75 69 81 74 77 80 74 68 80 70 68 83 81 73 -9 -9 92 91 92 74 67 60 53 0 0 58 55 61 97 96 75 64 65 0 0 0 57 57 83 87 82 86 88 79 53 86 94 92 82 61 88 87 78 87 92
-9 -9 -9 -9 -9 -9 -9 -9 -9 -9 -9 -9 -9 -9 -9 -9 -9 -9 -9 -9 -9 -9 -9 -9 -9 -9 -9 -9 -9 -9 -9 -9 -9 -9 -9 -9 -9 -9 -9 73 76 66 77 73 69 61 74 72 84 76 88 84 87 89 89 77 92 96 91 92 87 82 68 58 52 0 0 0 91 81 61 83 0 0 0 52 76 60 0 81 66 84 68 79 77 80 88 93 98 88 71 89 88 93 92 90
-9 -9 -9 -9 -9 -9 -9 -9 -9 -9 -9 -9 -9 -9 -9 -9 -9 -9 -9 -9 -9 -9 -9 -9 -9 -9 -9 -9 -9 -9 -9 -9 -9 -9 -9 -9 -9 -9 0 77 70 76 75 81 62 58 55 81 76 84 88 91 86 89 91 90 90 92 94 98 96 85 81 68 61 52 0 56 0 0 0 0 0 64 64 92 96 93 79 62 61 65 79 87 91 85 93 98 97 90 75 94 95 99 97 93
-9 -9 -9 -9 -9 -9 -9 -9 -9 -9 -9 -9 -9 -9 -9 -9 -9 -9 -9 -9 -9 -9 -9 -9 -9 -9 -9 -9 -9 -9 -9 -9 -9 -9 -9 -9 -9 -9 0 69 73 73 86 83 83 83 86 90 85 90 85 91 92 91 96 97 87 91 97 96 97 85 85 88 87 0 58 54 59 0 0 64 85 92 91 99 97 91 98 94 98 91 94 93 100 95 95 92 84 72 83 90 90 94 98 96
-9 -9 -9 -9 -9 -9 -9 -9 -9 -9 -9 -9 -9 -9 -9 -9 -9 -9 -9 -9 -9 -9 -9 -9 -9 -9 -9 -9 -9 -9 -9 -9 -9 -9 -9 -9 -9 -9 66 84 81 84 88 88 83 79 82 90 96 97 94 89 92 98 100 95 88 88 89 93 94 88 88 87 60 91 53 87 82 93 91 92 95 99 94 100 100 100 98 98 99 94 86 96 100 97 96 93 83 82 80 96 93 98 96 99
-9 -9 -9 -9 -9 -9 -9 -9 -9 -9 -9 -9 -9 -9 -9 -9 -9 -9 -9 -9 -9 -9 -9 -9 -9 -9 -9 -9 -9 -9 -9 -9 -9 -9 -9 -9 -9 0 70 79 90 91 96 80 83 90 80 83 79 81 80 75 96 98 96 97 97 97 87 88 87 89 94 76 51 68 0 90 77 85 91 61 74 84 96 99 100 100 99 97 94 92 99 97 94 99 98 96 67 74 64 90 94 99 100 100
-9 -9 -9 -9 -9 -9 -9 -9 -9 -9 -9 -9 -9 -9 -9 -9 -9 -9 -9 -9 -9 -9 -9 -9 -9 -9 -9 -9 -9 -9 -9 -9 -9 -9 -9 -9 -9 62 79 91 97 98 91 89 83 53 86 90 91 90 92 91 97 98 99 97 90 92 88 90 85 99 97 94 92 88 54 89 88 98 89 85 85 94 97 98 98 100 96 89 94 97 100 94 100 99 96 76 84 91 95 100 98 94 99 99
-9 -9 -9 -9 -9 -9 -9 -9 -9 -9 -9 -9 -9 -9 -9 -9 -9 -9 -9 -9 -9 -9 -9 -9 -9 -9 -9 -9 -9 -9 -9 -9 -9 -9 -9 -9 60 70 88 81 88 91 97 98 97 75 76 85 90 84 95 95 98 100 93 78 82 90 97 92 85 80 84 87 85 94 86 97 97 94 91 90 92 93 97 99 97 99 100 100 99 99 100 94 99 97 93 68 91 92 95 95 93 94 97 98
-9 -9 -9 -9 -9 -9 -9 -9 -9 -9 -9 -9 -9 -9 -9 -9 -9 -9 -9 -9 -9 -9 -9 -9 -9 -9 -9 -9 -9 -9 -9 -9 -9 -9 -9 57 87 74 85 80 94 97 95 84 94 84 67 88 98 97 97 95 94 97 95 85 94 90 74 74 80 80 87 89 85 84 86 96 100 98 94 90 93 93 95 94 94 100 100 100 100 91 97 91 99 96 95 87 97 92 94 93 96 99 96 94
-9 -9 -9 -9 -9 -9 -9 -9 -9 -9 -9 -9 -9 -9 -9 -9 -9 -9 -9 -9 -9 -9 -9 -9 -9 -9 -9 -9 -9 -9 -9 -9 -9 -9 84 0 92 93 97 77 95 98 95 88 86 87 87 95 94 94 98 100 97 96 96 99 92 84 79 87 91 83 82 84 91 92 92 94 97 99 95 100 99 97 98 100 100 100 100 88 94 78 85 78 94 90 83 84 91 92 93 84 94 98 100 96
-9 -9 -9 -9 -9 -9 -9 -9 -9 -9 -9 -9 -9 -9 -9 -9 -9 -9 -9 -9 -9 -9 -9 -9 -9 -9 -9 -9 -9 -9 -9 -9 -9 -9 65 71 97 99 97 71 94 96 94 85 90 93 95 98 98 100 100 98 89 100 93 93 86 81 86 86 87 75 82 94 94 98 99 100 100 98 100 100 100 100 100 100 100 96 94 83 88 86 80 89 87 84 81 89 92 94 99 100 91 95 100 99
-9 -9 -9 -9 -9 -9 -9 -9 -9 -9 -9 -9 -9 -9 -9 -9 -9 -9 -9 -9 -9 -9 -9 -9 -9 -9 -9 -9 -9 -9 -9 -9 -9 -9 72 84 94 95 95 97 97 100 96 94 87 97 92 93 96 91 82 94 86 80 89 81 87 89 91 89 86 84 95 97 97 97 99 88 91 95 86 84 99 92 100 95 98 99 81 80 89 89 91 92 95 95 83 96 97 97 93 100 95 73 100 100
-9 -9 -9 -9 -9 -9 -9 -9 -9 -9 -9 -9 -9 -9 -9 -9 -9 -9 -9 -9 -9 -9 -9 -9 -9 -9 -9 -9 -9 -9 -9 -9 -9 74 64 84 84 91 94 77 81 90 90 71 87 84 80 87 88 92 93 96 83 79 90 84 87 87 92 98 88 99 97 97 93 96 98 98 94 85 82 83 94 92 90 92 82 76 83 90 81 73 92 87 92 93 97 94 98 97 94 94 99 85 89 100
-9 -9 -9 -9 -9 -9 -9 -9 -9 -9 -9 -9 -9 -9 -9 -9 -9 -9 -9 -9 -9 -9 -9 -9 -9 -9 -9 -9 -9 -9 -9 -9 -9 -9 61 81 89 85 83 62 81 88 76 79 88 81 94 94 94 98 98 98 96 88 95 95 81 91 94 100 99 100 100 93 78 82 89 95 97 98 96 95 90 97 64 65 77 92 91 95 93 95 86 87 94 97 99 98 98 98 98 96 96 89 83 98
-9 -9 -9 -9 -9 -9 -9 -9 -9 -9 -9 -9 -9 -9 -9 -9 -9 -9 -9 -9 -9 -9 -9 -9 -9 -9 -9 -9 -9 -9 -9 -9 -9 -9 89 67 64 84 66 81 97 85 94 88 89 90 90 94 99 89 99 98 97 98 98 98 100 98 97 98 98 100 98 83 82 71 78 73 79 93 98 95 99 88 82 77 96 94 92 98 98 95 93 97 96 98 100 100 94 94 100 100 100 97 91 90
-9 -9 -9 -9 -9 -9 -9 -9 -9 -9 -9 -9 -9 -9 -9 -9 -9 -9 -9 -9 -9 -9 -9 -9 -9 -9 -9 -9 -9 -9 -9 -9 -9 -9 84 86 76 96 98 97 97 93 82 75 89 91 98 98 87 95 79 69 72 75 71 70 70 70 73 83 82 85 93 76 87 83 93 91 98 98 95 88 78 81 84 92 92 84 82 95 100 100 98 97 99 100 100 100 100 77 98 100 100 96 97 85
-9 -9 -9 -9 -9 -9 -9 -9 -9 -9 -9 -9 -9 -9 -9 -9 -9 -9 -9 -9 -9 -9 -9 -9 -9 -9 -9 -9 -9 -9 -9 -9 -9 -9 -9 78 93 94 94 96 89 77 73 84 85 93 86 86 80 88 87 82 91 87 68 65 70 87 90 81 96 96 81 90 73 73 97 87 78 75 76 89 93 95 82 83 86 89 87 96 95 96 100 97 100 100 100 100 97 79 93 100 100 100 99 91
-9 -9 -9 -9 -9 -9 -9 -9 -9 -9 -9 -9 -9 -9 -9 -9 -9 -9 -9 -9 -9 -9 -9 -9 -9 -9 -9 -9 -9 -9 -9 -9 -9 -9 -9 93 93 91 95 95 93 76 81 87 91 83 88 88 89 87 66 78 90 87 75 75 89 96 98 99 97 90 96 96 81 64 65 78 84 94 91 94 97 90 80 84 92 74 92 96 98 100 99 99 100 100 100 94 100 85 92 100 99 100 97 95
-9 -9 -9 -9 -9 -9 -9 -9 -9 -9 -9 -9 -9 -9 -9 -9 -9 -9 -9 -9 -9 -9 -9 -9 -9 -9 -9 -9 -9 -9 -9 -9 -9 -9 96 97 95 87 94 96 87 91 92 88 89 82 83 78 83 81 67 76 70 59 70 80 77 79 81 64 76 67 63 62 56 95 89 95 92 89 96 85 79 82 94 92 73 97 96 96 98 98 99 95 100 100 100 100 96 99 82 100 99 100 100 97
-9 -9 -9 -9 -9 -9 -9 -9 -9 -9 -9 -9 -9 -9 -9 -9 -9 -9 -9 -9 -9 -9 -9 -9 -9 -9 -9 -9 -9 -9 -9 -9 -9 83 87 92 94 95 94 87 77 73 75 87 80 80 76 76 66 72 69 81 93 97 99 99 98 90 82 63 0 0 65 89 65 90 78 79 90 93 77 93 89 96 98 95 98 100 100 100 96 100 95 99 94 100 100 98 100 100 94 100 100 98 100 99
-9 -9 -9 -9 -9 -9 -9 -9 -9 -9 -9 -9 -9 -9 -9 -9 -9 -9 -9 -9 -9 -9 -9 -9 -9 -9 -9 -9 -9 -9 -9 -9 -9 88 90 92 95 89 96 79 72 86 77 84 78 82 83 79 74 72 74 99 93 87 52 0 0 53 0 73 89 86 84 85 82 88 87 88 88 82 76 88 87 92 78 98 100 100 100 100 100 99 100 100 93 100 100 100 100 99 99 80 100 99 100 96
-9 -9 -9 -9 -9 -9 -9 -9 -9 -9 -9 -9 -9 -9 -9 -9 -9 -9 -9 -9 -9 -9 -9 -9 -9 -9 -9 -9 -9 -9 -9 86 87 87 87 83 90 94 82 74 78 85 85 88 79 74 0 64 74 86 91 74 71 80 85 79 80 56 83 92 83 72 59 70 69 77 72 86 89 91 89 89 91 82 89 100 98 100 100 100 98 100 100 98 98 97 100 100 98 100 98 85 96 100 100 89
-9 -9 -9 -9 -9 -9 -9 -9 -9 -9 -9 -9 -9 -9 -9 -9 -9 -9 -9 -9 -9 -9 -9 -9 -9 -9 -9 -9 -9 -9 89 91 89 90 85 76 95 88 60 91 86 90 87 86 67 0 77 94 96 95 94 85 77 78 84 88 85 86 77 61 52 68 83 86 83 76 84 92 93 91 91 95 93 89 85 97 96 98 95 95 91 97 100 100 95 94 95 98 97 100 100 94 92 98 100 97
-9 -9 -9 -9 -9 -9 -9 -9 -9 -9 -9 -9 -9 -9 -9 -9 -9 -9 -9 -9 -9 -9 -9 -9 -9 -9 -9 -9 -9 92 92 84 70 84 95 90 78 78 63 84 83 87 80 61 61 85 87 72 72 71 0 0 66 75 80 65 82 71 59 72 90 90 93 85 80 86 89 94 94 92 92 93 96 96 98 99 92 98 98 96 93 80 74 97 100 99 86 93 98 98 97 98 93 92 98 96
-9 -9 -9 -9 -9 -9 -9 -9 -9 -9 -9 -9 -9 -9 -9 -9 -9 -9 -9 -9 -9 -9 -9 -9 -9 -9 -9 -9 96 90 82 67 68 91 86 81 68 84 81 78 87 78 89 84 82 75 0 0 0 0 65 81 86 75 69 73 55 68 70 90 93 98 93 85 86 82 91 95 96 95 97 100 100 91 99 97 98 99 94 97 90 90 89 97 100 97 85 87 88 99 97 97 97 92 95 96
-9 -9 -9 -9 -9 -9 -9 -9 -9 -9 -9 -9 -9 -9 -9 -9 -9 -9 -9 -9 -9 -9 -9 -9 -9 -9 -9 96 86 88 62 69 79 82 68 73 90 84 85 86 79 93 84 89 76 0 0 0 0 0 54 52 70 62 70 65 70 89 90 92 97 98 94 85 89 90 90 91 96 94 99 99 99 99 95 98 99 96 94 96 96 94 97 90 88 93 85 80 87 96 96 98 95 91 90 97
-9 -9 -9 -9 -9 -9 -9 -9 -9 -9 -9 -9 -9 -9 -9 -9 -9 -9 -9 -9 -9 -9 -9 -9 -9 -9 -9 82 83 72 75 71 76 62 67 81 64 81 83 82 87 78 72 0 0 0 70 75 78 68 74 0 57 83 84 65 73 82 89 95 95 89 89 91 90 91 86 92 95 97 100 99 97 100 98 92 94 97 94 98 96 98 94 89 88 92 92 92 94 95 99 97 92 91 92 89
-9 -9 -9 -9 -9 -9 -9 -9 -9 -9 -9 -9 -9 -9 -9 -9 -9 -9 -9 -9 -9 -9 -9 -9 -9 -9 71 74 71 74 81 79 70 65 79 0 68 82 85 79 62 70 73 63 79 77 77 80 78 65 0 59 84 85 77 81 93 93 92 91 91 92 95 90 91 86 81 79 85 97 98 100 100 96 96 91 97 100 97 97 97 99 96 93 92 93 92 93 99 95 98 97 88 87 92 89
-9 -9 -9 -9 -9 -9 -9 -9 -9 -9 -9 -9 -9 -9 -9 -9 -9 -9 -9 -9 -9 -9 -9 -9 60 64 78 77 73 88 82 79 60 82 55 72 86 90 72 0 0 72 63 76 55 64 78 57 0 0 61 61 86 76 78 86 96 97 83 85 96 95 93 93 90 88 91 85 97 99 99 98 97 99 99 95 97 98 98 99 100 100 98 97 92 91 96 98 98 89 89 96 81 89 94 93
-9 -9 -9 -9 -9 -9 -9 -9 -9 -9 -9 -9 -9 -9 -9 -9 -9 -9 -9 -9 -9 86 83 67 77 74 76 68 87 90 83 83 88 85 86 88 59 80 0 71 87 86 98 75 61 90 0 0 55 55 59 65 62 62 75 92 94 97 92 95 94 96 92 88 88 91 94 97 98 99 98 97 97 97 93 91 83 85 96 98 99 96 94 94 96 93 96 95 96 88 84 91 91 79 86 94
-9 -9 -9 -9 -9 -9 -9 -9 -9 -9 -9 -9 -9 -9 -9 -9 -9 -9 -9 -9 82 68 63 74 80 81 71 75 90 96 84 71 78 79 90 54 69 54 67 86 84 99 72 69 67 0 69 0 65 72 69 70 60 70 89 95 98 99 92 95 94 90 81 82 92 95 97 96 100 100 100 98 98 98 95 72 66 58 82 87 92 87 85 92 97 93 93 93 89 92 86 88 92 88 76 84
-9 -9 -9 -9 -9 -9 -9 -9 -9 -9 -9 -9 -9 -9 -9 -9 -9 -9 -9 71 75 75 68 73 78 75 68 84 93 83 62 64 53 82 52 67 57 0 78 89 85 79 71 56 0 58 79 71 92 78 66 63 69 89 94 100 98 97 92 96 90 75 76 92 99 98 97 99 97 98 100 97 100 99 84 57 60 67 79 64 52 67 82 95 97 87 95 98 93 79 60 74 96 85 82 71
-9 -9 -9 -9 -9 -9 -9 -9 -9 -9 -9 -9 -9 -9 -9 -9 -9 -9 81 82 78 70 77 81 91 82 74 75 54 56 59 75 0 0 77 52 0 61 85 77 73 68 0 0 0 0 0 62 76 58 0 52 88 91 92 85 93 94 93 93 91 83 80 90 95 97 99 99 98 97 96 98 100 96 86 58 68 0 0 0 0 53 67 92 98 86 81 86 70 59 51 0 69 82 71 79
-9 -9 -9 -9 -9 -9 -9 -9 -9 -9 -9 -9 -9 -9 -9 -9 -9 80 78 78 74 74 86 76 85 85 69 0 58 54 65 0 66 74 73 0 52 82 90 64 0 0 57 61 63 55 0 56 57 0 0 73 87 78 80 78 88 92 88 84 82 87 92 94 90 89 94 94 98 98 98 98 100 97 86 87 0 71 78 68 52 69 81 97 98 88 67 57 0 0 0 0 69 78 75 88
-9 -9 -9 -9 -9 -9 -9 -9 -9 -9 -9 -9 -9 -9 -9 -9 -9 75 79 76 78 87 84 78 0 51 56 59 51 0 0 68 78 60 0 0 62 88 0 0 0 55 59 61 60 0 77 86 0 0 0 73 87 79 68 66 79 76 69 63 80 89 88 97 94 98 93 94 93 98 98 99 98 98 91 85 67 80 85 63 69 80 94 98 87 77 63 0 0 0 0 0 63 75 77 90
-9 -9 -9 -9 -9 -9 -9 -9 -9 -9 -9 -9 -9 -9 -9 -9 -9 72 78 76 89 81 79 60 0 51 0 0 55 63 71 76 79 70 0 0 69 0 0 0 58 59 61 69 65 82 72 0 0 61 91 90 90 90 90 81 82 85 78 77 88 79 95 96 93 96 92 97 91 91 90 97 98 99 98 89 81 68 73 80 87 93 96 80 60 64 0 0 0 0 66 78 57 76 86 87
-9 -9 -9 -9 -9 -9 -9 -9 -9 -9 -9 -9 -9 -9 -9 -9 74 81 71 78 58 79 76 0 0 57 57 64 69 75 95 93 72 0 0 54 54 0 0 0 58 62 61 85 88 67 0 0 0 91 96 92 87 93 94 89 93 96 94 96 92 88 93 95 95 96 96 97 96 96 81 94 98 95 97 96 91 76 67 76 96 98 95 0 62 0 0 0 0 0 0 81 67 67 0 0
-9 -9 -9 -9 -9 -9 -9 -9 -9 -9 -9 -9 -9 -9 -9 -9 54 58 83 83 75 0 0 55 57 76 64 71 87 94 84 67 0 0 79 64 0 0 0 60 59 54 76 79 0 0 0 0 88 98 94 87 80 93 95 65 89 96 99 97 98 98 90 85 87 95 97 100 94 95 88 97 88 84 76 94 92 93 83 94 88 0 84 54 0 0 0 0 0 0 58 64 77 85 58 51
-9 -9 -9 -9 -9 -9 -9 -9 -9 -9 -9 -9 -9 -9 -9 -9 -9 63 90 79 77 65 63 69 0 0 0 91 86 76 61 0 67 73 65 0 0 0 55 54 0 80 81 0 0 0 79 96 98 88 85 82 82 91 91 85 94 94 96 96 90 90 83 78 83 97 99 98 98 98 99 95 87 96 78 81 80 77 96 94 0 0 92 0 0 0 0 0 0 60 77 0 86 74 0 0
-9 -9 -9 -9 -9 -9 -9 -9 -9 -9 -9 -9 -9 -9 -9 -9 -9 0 0 54 62 68 63 0 52 0 0 0 0 0 0 0 0 56 0 0 0 53 0 0 77 69 0 0 0 79 95 95 96 94 83 66 89 91 91 92 95 95 97 97 94 88 90 90 81 86 93 99 97 81 83 80 82 82 93 78 67 67 95 0 0 0 89 0 0 0 0 52 75 74 0 67 86 0 0 0
-9 -9 -9 -9 -9 -9 -9 -9 -9 -9 -9 -9 -9 -9 -9 -9 -9 68 75 0 63 0 52 0 71 56 0 0 0 58 70 0 53 0 0 0 51 0 0 78 71 0 0 56 93 98 98 97 95 80 54 81 91 89 93 94 95 94 97 97 96 96 82 93 92 80 94 94 72 76 78 80 91 92 96 73 74 69 85 0 53 0 65 0 0 0 0 0 63 0 0 62 0 0 0 56
-9 -9 -9 -9 -9 -9 -9 -9 -9 -9 -9 -9 -9 -9 -9 -9 77 57 0 70 81 79 0 0 57 0 0 70 83 86 62 52 0 0 0 51 0 0 64 70 0 0 0 91 98 95 97 91 78 57 76 91 80 93 94 96 94 97 94 99 99 91 88 84 84 82 91 93 88 90 84 67 66 66 92 86 55 80 68 0 0 0 75 0 0 0 0 73 54 59 0 0 0 0 0 0
-9 -9 -9 -9 -9 -9 -9 -9 -9 -9 -9 -9 -9 -9 -9 -9 77 61 53 57 54 54 59 71 65 62 68 90 85 0 0 0 0 0 0 0 79 85 73 0 0 0 59 93 97 97 95 87 81 70 85 89 90 95 89 95 96 99 98 98 96 93 91 70 87 86 88 91 83 80 81 72 84 74 68 91 98 79 75 0 0 0 0 56 0 0 0 60 54 0 0 0 0 0 0 0
-9 -9 -9 -9 -9 -9 -9 -9 -9 -9 -9 -9 -9 -9 -9 75 66 0 0 65 0 0 0 0 0 0 79 77 53 0 0 0 0 0 0 83 83 91 90 85 59 81 91 87 90 96 92 91 92 75 89 94 94 97 93 97 96 89 94 98 94 94 90 74 93 85 82 87 96 95 94 87 76 0 0 0 55 67 69 62 0 0 0 0 0 0 0 0 66 0 0 0 0 0 0 0
-9 -9 -9 -9 -9 -9 -9 -9 -9 -9 -9 -9 -9 0 0 0 53 0 72 77 0 0 0 0 52 84 80 57 0 0 0 71 65 61 87 97 96 95 93 73 61 81 89 94 94 89 94 88 87 87 95 95 96 92 96 90 94 92 93 96 60 91 95 84 91 83 83 95 93 93 89 76 65 77 71 59 0 0 0 0 0 0 0 0 0 0 0 0 61 0 0 0 0 0 0 0
-9 -9 -9 -9 -9 -9 -9 -9 -9 -9 -9 -9 0 0 73 0 63 63 69 74 68 63 0 0 68 76 53 0 0 0 69 80 92 91 95 94 93 98 69 55 71 83 93 96 91 94 93 88 86 96 98 93 94 94 96 90 79 78 93 81 0 0 95 85 95 81 85 79 81 88 66 68 0 0 0 0 0 0 0 0 0 0 0 0 62 0 0 0 0 0 0 0 0 0 0 0
-9 -9 -9 -9 -9 -9 -9 -9 -9 -9 -9 0 0 62 55 62 62 71 0 0 0 0 65 74 76 0 0 0 0 69 89 93 89 94 94 96 95 84 67 52 88 94 94 92 86 93 93 89 95 98 96 98 98 97 96 99 95 62 0 0 0 0 67 92 92 83 77 70 66 79 0 0 0 0 0 0 0 0 0 0 0 0 0 0 58 0 65 55 57 0 0 0 0 0 0 0
-9 -9 -9 -9 -9 -9 -9 -9 -9 -9 0 0 63 59 66 62 54 0 0 0 78 76 69 72 0 0 0 0 87 87 84 94 86 96 95 97 89 61 0 84 91 81 86 89 86 88 91 89 97 99 100 96 96 96 99 94 0 0 0 0 0 0 0 96 91 72 75 57 67 67 77 79 0 0 0 0 0 0 0 0 0 59 70 61 84 82 79 60 0 72 0 0 0 0 0 0
-9 -9 -9 -9 -9 -9 -9 -9 -9 0 0 60 66 0 0 0 0 0 0 0 90 0 0 66 57 0 0 0 88 77 94 92 86 96 84 91 74 54 75 93 90 89 89 83 96 92 93 83 97 97 59 0 72 0 67 89 69 70 58 0 0 0 0 68 88 83 82 71 61 70 68 84 0 0 0 0 0 0 51 0 65 56 0 0 0 0 0 0 0 0 60 0 0 0 0 0
-9 -9 -9 -9 -9 -9 -9 64 0 0 65 0 0 0 0 0 0 0 0 0 51 0 66 58 69 0 0 65 90 87 96 88 90 94 84 77 64 63 87 82 78 81 94 94 94 83 92 65 93 93 0 0 0 0 0 68 0 0 0 0 0 0 0 0 0 58 86 74 61 56 68 58 0 0 0 0 0 0 52 58 0 0 0 0 0 0 0 0 0 0 0 0 0 0 0 0
-9 -9 -9 -9 -9 -9 63 0 62 66 54 0 0 0 0 0 0 0 0 54 56 0 66 0 58 0 0 87 91 90 92 91 84 87 86 69 74 89 93 81 76 89 90 83 78 73 82 62 94 56 0 0 0 0 0 0 0 0 0 0 0 0 0 0 0 0 0 61 80 72 0 64 58 54 0 0 0 64 0 0 0 0 0 0 0 0 0 0 0 0 0 0 0 0 0 0
-9 -9 -9 -9 -9 76 59 76 80 0 0 0 0 0 0 55 61 53 0 61 0 59 0 59 0 0 55 91 87 93 92 85 91 89 74 62 91 92 91 76 82 93 84 77 79 83 71 62 90 0 0 0 0 0 62 0 0 0 0 0 79 85 91 92 95 91 87 52 56 76 72 53 0 0 0 0 0 0 0 0 0 0 0 0 0 0 0 0 0 0 0 0 0 0 0 0
-9 -9 -9 -9 -9 74 81 76 0 0 0 0 0 0 0 52 59 0 0 0 0 73 72 55 0 0 72 90 84 75 82 90 92 89 81 76 86 91 91 91 82 80 81 84 76 84 75 64 58 0 86 65 0 0 0 0 0 0 0 87 88 73 64 63 68 91 63 0 0 0 87 72 0 0 0 0 0 0 0 0 0 0 0 0 0 0 0 0 0 0 0 0 0 0 0 0
-9 -9 -9 -9 -9 79 78 0 0 0 0 0 0 0 0 0 0 0 0 0 66 71 64 51 54 0 74 89 89 82 91 91 87 86 84 89 80 86 93 93 90 90 85 82 82 81 86 57 51 86 78 0 0 0 0 0 0 60 91 76 0 0 0 0 0 86 0 0 0 51 88 57 0 0 0 0 0 0 0 0 0 0 65 0 0 0 0 0 0 0 0 0 0 0 0 0
-9 -9 -9 -9 82 67 0 0 0 0 0 0 0 53 64 0 0 0 0 58 71 64 61 0 53 0 53 93 83 88 93 90 71 91 88 87 77 92 92 96 91 88 92 98 93 80 62 51 85 68 55 0 0 0 0 0 0 65 68 0 0 0 0 73 74 0 0 0 0 75 81 0 0 0 0 0 0 0 0 0 0 0 0 0 0 0 0 0 0 0 0 0 0 0 0 0
-9 -9 -9 -9 86 0 0 0 0 0 0 0 0 51 0 0 0 0 0 69 62 67 64 53 0 0 52 83 80 89 88 75 60 85 90 90 77 92 83 86 80 93 54 0 69 77 68 80 0 0 0 0 0 0 0 0 0 67 73 0 0 0 0 0 0 0 0 0 76 68 0 53 0 0 0 0 0 0 0 0 0 0 0 0 0 0 0 0 0 0 0 0 0 0 0 0
