data/habitatmaps/RK_hsi_2km_2011.asc
NCOLS 183 
NROWS 114 
XLLCORNER 479000 
YLLCORNER 73000 
CELLSIZE 2000 
NODATA_value -9 
[rows 0 to 71 of 114, columns 0 to 95 of 183]
-9 -9 -9 -9 -9 -9 -9 -9 -9 -9 -9 -9 -9 -9 -9 -9 -9 -9 -9 -9 -9 -9 -9 -9 -9 -9 -9 -9 -9 -9 -9 -9 -9 -9 -9 -9 -9 -9 -9 -9 -9 -9 -9 -9 -9 -9 -9 -9 -9 -9 -9 -9 -9 -9 -9 -9 -9 -9 -9 -9 -9 -9 -9 -9 -9 -9 -9 -9 -9 -9 -9 -9 -9 -9 -9 -9 -9 -9 -9 -9 -9 -9 -9 -9 -9 -9 -9 -9 -9 -9 -9 -9 -9 -9 -9 -9
-9 -9 -9 -9 -9 -9 -9 -9 -9 -9 -9 -9 -9 -9 -9 -9 -9 -9 -9 -9 -9 -9 -9 -9 -9 -9 -9 -9 -9 -9 -9 -9 -9 -9 -9 -9 -9 -9 -9 -9 -9 -9 -9 -9 -9 -9 -9 -9 -9 -9 -9 -9 -9 -9 -9 -9 -9 -9 -9 -9 -9 -9 -9 -9 -9 -9 -9 -9 -9 -9 -9 -9 -9 -9 -9 -9 -9 -9 -9 -9 -9 -9 -9 -9 -9 -9 -9 -9 -9 -9 -9 -9 -9 -9 -9 80
-9 -9 -9 -9 -9 -9 -9 -9 -9 -9 -9 -9 -9 -9 -9 -9 -9 -9 -9 -9 -9 -9 -9 -9 -9 -9 -9 -9 -9 -9 -9 -9 -9 -9 -9 -9 -9 -9 -9 -9 -9 -9 -9 -9 -9 -9 -9 -9 -9 -9 -9 -9 -9 -9 -9 -9 -9 -9 -9 -9 -9 -9 -9 -9 -9 -9 -9 -9 -9 -9 -9 -9 -9 -9 -9 -9 -9 -9 -9 -9 -9 -9 -9 -9 -9 -9 -9 -9 -9 -9 -9 -9 -9 -9 64 70
-9 -9 -9 -9 -9 -9 -9 -9 -9 -9 -9 -9 -9 -9 -9 -9 -9 -9 -9 -9 -9 -9 -9 -9 -9 -9 -9 -9 -9 -9 -9 -9 -9 -9 -9 -9 -9 -9 -9 -9 -9 -9 -9 -9 -9 -9 -9 -9 -9 -9 -9 -9 -9 -9 -9 -9 -9 -9 -9 -9 -9 -9 -9 -9 -9 -9 -9 -9 -9 -9 -9 -9 -9 -9 -9 -9 -9 -9 -9 -9 -9 -9 -9 -9 -9 -9 -9 -9 -9 -9 -9 -9 -9 0 74 72
-9 -9 -9 -9 -9 -9 -9 -9 -9 -9 -9 -9 -9 -9 -9 -9 -9 -9 -9 -9 -9 -9 -9 -9 -9 -9 -9 -9 -9 -9 -9 -9 -9 -9 -9 -9 -9 -9 -9 -9 -9 -9 -9 -9 -9 -9 -9 -9 -9 -9 -9 -9 -9 -9 -9 -9 -9 -9 -9 -9 -9 -9 -9 -9 -9 -9 -9 -9 -9 -9 -9 -9 -9 -9 -9 -9 -9 -9 -9 -9 -9 -9 -9 -9 -9 -9 -9 -9 -9 -9 -9 -9 -9 0 71 77
-9 -9 -9 -9 -9 -9 -9 -9 -9 -9 -9 -9 -9 -9 -9 -9 -9 -9 -9 -9 -9 -9 -9 -9 -9 -9 -9 -9 -9 -9 -9 -9 -9 -9 -9 -9 -9 -9 -9 -9 -9 -9 -9 -9 -9 -9 -9 -9 -9 -9 -9 -9 -9 -9 -9 -9 -9 -9 -9 -9 -9 -9 -9 -9 -9 -9 -9 -9 -9 -9 -9 -9 -9 -9 -9 -9 -9 -9 -9 -9 -9 -9 -9 -9 -9 -9 -9 -9 -9 -9 -9 -9 0 70 76 75
-9 -9 -9 -9 -9 -9 -9 -9 -9 -9 -9 -9 -9 -9 -9 -9 -9 -9 -9 -9 -9 -9 -9 -9 -9 -9 -9 -9 -9 -9 -9 -9 -9 -9 -9 -9 -9 -9 -9 -9 -9 -9 -9 -9 -9 -9 -9 -9 -9 -9 -9 -9 -9 -9 -9 -9 -9 -9 -9 -9 -9 -9 -9 -9 -9 -9 -9 -9 -9 -9 -9 -9 -9 -9 -9 -9 -9 -9 -9 -9 -9 -9 -9 -9 -9 -9 -9 -9 -9 -9 -9 -9 57 75 66 76
-9 -9 -9 -9 -9 -9 -9 -9 -9 -9 -9 -9 -9 -9 -9 -9 -9 -9 -9 -9 -9 -9 -9 -9 -9 -9 -9 -9 -9 -9 -9 -9 -9 -9 -9 -9 -9 -9 -9 -9 -9 -9 -9 -9 -9 -9 -9 -9 -9 -9 -9 -9 -9 -9 -9 -9 -9 -9 -9 -9 -9 -9 -9 -9 -9 -9 -9 -9 -9 -9 -9 -9 -9 -9 -9 -9 -9 -9 -9 -9 -9 -9 -9 -9 -9 -9 -9 -9 -9 0 69 69 82 85 83 81
-9 -9 -9 -9 -9 -9 -9 -9 -9 -9 -9 -9 -9 -9 -9 -9 -9 -9 -9 -9 -9 -9 -9 -9 -9 -9 -9 -9 -9 -9 -9 -9 -9 -9 -9 -9 -9 -9 -9 -9 -9 -9 -9 -9 -9 -9 -9 -9 -9 -9 -9 -9 -9 -9 -9 -9 -9 -9 -9 -9 -9 -9 -9 -9 -9 -9 -9 -9 -9 58 -9 -9 -9 -9 -9 -9 -9 -9 -9 -9 -9 -9 -9 -9 -9 -9 59 73 65 67 71 82 86 86 74 78
-9 -9 -9 -9 -9 -9 -9 -9 -9 -9 -9 -9 -9 -9 -9 -9 -9 -9 -9 -9 -9 -9 -9 -9 -9 -9 -9 -9 -9 -9 -9 -9 -9 -9 -9 -9 -9 -9 -9 -9 -9 -9 -9 -9 -9 -9 -9 -9 -9 -9 -9 -9 -9 -9 -9 -9 -9 -9 -9 -9 -9 -9 -9 -9 -9 83 68 76 79 61 63 78 80 -9 -9 64 69 59 -9 -9 -9 -9 -9 -9 61 77 69 77 74 83 79 85 81 78 80 76
-9 -9 -9 -9 -9 -9 -9 -9 -9 -9 -9 -9 -9 -9 -9 -9 -9 -9 -9 -9 -9 -9 -9 -9 -9 -9 -9 -9 -9 -9 -9 -9 -9 -9 -9 -9 -9 -9 -9 -9 -9 -9 -9 -9 -9 -9 -9 -9 -9 -9 -9 -9 -9 -9 -9 -9 -9 -9 -9 -9 -9 -9 0 0 81 72 56 61 80 73 62 61 65 79 65 75 88 67 62 53 56 -9 72 72 68 69 76 87 88 81 78 73 72 72 80 73
-9 -9 -9 -9 -9 -9 -9 -9 -9 -9 -9 -9 -9 -9 -9 -9 -9 -9 -9 -9 -9 -9 -9 -9 -9 -9 -9 -9 -9 -9 -9 -9 -9 -9 -9 -9 -9 -9 -9 -9 -9 -9 -9 -9 -9 -9 -9 -9 -9 -9 -9 -9 -9 -9 -9 -9 -9 -9 -9 -9 -9 0 0 0 0 0 0 59 74 85 80 85 78 85 85 90 89 78 61 68 67 73 73 77 82 77 87 84 86 81 73 67 69 56 70 86
-9 -9 -9 -9 -9 -9 -9 -9 -9 -9 -9 -9 -9 -9 -9 -9 -9 -9 -9 -9 -9 -9 -9 -9 -9 -9 -9 -9 -9 -9 -9 -9 -9 -9 -9 -9 -9 -9 -9 -9 -9 -9 -9 -9 -9 -9 -9 -9 -9 -9 -9 -9 -9 -9 -9 -9 -9 -9 -9 -9 0 0 0 0 0 0 0 0 87 64 87 90 90 88 95 95 90 84 76 80 76 81 60 69 70 78 86 84 77 64 68 0 55 80 87 91
-9 -9 -9 -9 -9 -9 -9 -9 -9 -9 -9 -9 -9 -9 -9 -9 -9 -9 -9 -9 -9 -9 -9 -9 -9 -9 -9 -9 -9 -9 -9 -9 -9 -9 -9 -9 -9 -9 -9 -9 -9 -9 -9 -9 -9 -9 -9 -9 -9 -9 -9 -9 -9 -9 -9 -9 -9 -9 -9 85 58 55 0 0 0 0 0 82 65 87 70 72 95 90 88 87 82 88 72 78 81 79 81 78 67 77 75 67 0 0 52 69 78 90 83 80
-9 -9 -9 -9 -9 -9 -9 -9 -9 -9 -9 -9 -9 -9 -9 -9 -9 -9 -9 -9 -9 -9 -9 -9 -9 -9 -9 -9 -9 -9 -9 -9 -9 -9 -9 -9 -9 -9 -9 -9 -9 -9 -9 59 72 72 70 71 63 77 0 67 -9 -9 -9 -9 -9 -9 85 86 70 54 0 0 0 0 0 0 0 89 82 68 88 76 65 53 59 78 65 89 82 78 82 79 75 69 61 62 72 81 73 83 68 85 87 93
-9 -9 -9 -9 -9 -9 -9 -9 -9 -9 -9 -9 -9 -9 -9 -9 -9 -9 -9 -9 -9 -9 -9 -9 -9 -9 -9 -9 -9 -9 -9 -9 -9 -9 -9 -9 -9 -9 -9 -9 70 70 64 76 69 72 75 69 63 75 65 63 78 76 68 -9 -9 87 86 87 69 62 55 0 0 0 53 0 56 92 91 69 59 59 0 0 0 53 52 78 83 77 81 83 74 0 80 88 87 77 56 83 83 73 82 87
-9 -9 -9 -9 -9 -9 -9 -9 -9 -9 -9 -9 -9 -9 -9 -9 -9 -9 -9 -9 -9 -9 -9 -9 -9 -9 -9 -9 -9 -9 -9 -9 -9 -9 -9 -9 -9 -9 -9 67 70 61 72 69 64 56 69 67 79 71 83 79 82 84 84 72 87 91 86 87 82 77 63 53 0 0 0 0 86 76 57 78 0 0 0 0 71 55 0 76 60 80 64 74 72 75 83 88 93 83 65 84 83 88 87 85
-9 -9 -9 -9 -9 -9 -9 -9 -9 -9 -9 -9 -9 -9 -9 -9 -9 -9 -9 -9 -9 -9 -9 -9 -9 -9 -9 -9 -9 -9 -9 -9 -9 -9 -9 -9 -9 -9 0 72 66 71 70 76 57 53 0 76 71 79 83 86 81 84 86 85 85 87 89 93 91 79 76 63 56 0 0 0 0 0 0 0 0 60 59 87 91 88 74 57 56 60 74 82 85 79 88 93 92 84 69 89 90 94 92 88
-9 -9 -9 -9 -9 -9 -9 -9 -9 -9 -9 -9 -9 -9 -9 -9 -9 -9 -9 -9 -9 -9 -9 -9 -9 -9 -9 -9 -9 -9 -9 -9 -9 -9 -9 -9 -9 -9 0 64 68 68 81 77 78 78 81 85 80 85 80 86 87 86 91 92 82 86 92 91 92 80 80 83 82 0 54 0 54 0 0 59 80 87 86 94 92 86 93 89 93 86 89 87 95 90 90 87 79 66 77 84 85 89 93 91
-9 -9 -9 -9 -9 -9 -9 -9 -9 -9 -9 -9 -9 -9 -9 -9 -9 -9 -9 -9 -9 -9 -9 -9 -9 -9 -9 -9 -9 -9 -9 -9 -9 -9 -9 -9 -9 -9 61 79 76 79 83 83 78 74 77 85 91 92 89 84 87 93 95 90 83 83 84 88 89 83 83 82 55 85 0 81 76 88 86 87 90 94 89 95 95 95 93 93 94 89 81 91 95 92 91 88 78 77 75 91 88 93 91 94
-9 -9 -9 -9 -9 -9 -9 -9 -9 -9 -9 -9 -9 -9 -9 -9 -9 -9 -9 -9 -9 -9 -9 -9 -9 -9 -9 -9 -9 -9 -9 -9 -9 -9 -9 -9 -9 0 65 74 85 86 91 75 78 85 75 78 74 76 75 70 91 93 91 92 92 92 82 83 82 84 89 72 0 63 0 85 72 80 86 56 70 79 91 94 95 95 94 92 89 87 94 92 88 93 93 91 62 69 59 84 89 94 94 96
-9 -9 -9 -9 -9 -9 -9 -9 -9 -9 -9 -9 -9 -9 -9 -9 -9 -9 -9 -9 -9 -9 -9 -9 -9 -9 -9 -9 -9 -9 -9 -9 -9 -9 -9 -9 -9 57 74 86 92 92 86 84 78 0 81 84 86 85 87 86 92 93 94 92 85 87 83 85 80 94 92 89 87 83 0 84 82 93 84 80 80 89 92 93 92 95 91 84 89 92 95 89 95 94 91 71 79 86 89 96 93 89 94 94
-9 -9 -9 -9 -9 -9 -9 -9 -9 -9 -9 -9 -9 -9 -9 -9 -9 -9 -9 -9 -9 -9 -9 -9 -9 -9 -9 -9 -9 -9 -9 -9 -9 -9 -9 -9 55 65 83 76 83 86 92 92 92 70 70 79 85 79 90 90 93 95 88 74 77 85 92 88 80 75 78 82 80 89 80 92 92 89 86 85 87 87 92 94 92 94 95 95 94 94 96 89 94 92 88 63 86 87 89 90 88 89 92 93
-9 -9 -9 -9 -9 -9 -9 -9 -9 -9 -9 -9 -9 -9 -9 -9 -9 -9 -9 -9 -9 -9 -9 -9 -9 -9 -9 -9 -9 -9 -9 -9 -9 -9 -9 52 83 69 80 75 89 92 91 79 88 77 60 82 93 92 92 90 89 92 90 80 89 85 69 69 75 75 82 84 80 79 81 91 95 93 89 85 88 88 90 89 89 97 97 96 95 86 92 86 94 91 90 82 92 87 89 88 91 94 91 89
-9 -9 -9 -9 -9 -9 -9 -9 -9 -9 -9 -9 -9 -9 -9 -9 -9 -9 -9 -9 -9 -9 -9 -9 -9 -9 -9 -9 -9 -9 -9 -9 -9 -9 79 0 88 88 92 72 90 93 90 83 81 81 81 90 88 89 93 95 92 91 91 94 87 79 74 82 85 78 77 79 86 87 85 89 92 94 89 95 94 92 93 97 98 97 96 82 89 73 80 73 89 85 78 79 86 87 88 79 89 93 95 91
-9 -9 -9 -9 -9 -9 -9 -9 -9 -9 -9 -9 -9 -9 -9 -9 -9 -9 -9 -9 -9 -9 -9 -9 -9 -9 -9 -9 -9 -9 -9 -9 -9 -9 60 66 92 94 92 66 89 91 89 80 84 87 90 92 93 96 95 93 84 95 88 88 81 76 81 81 82 70 77 88 88 93 94 96 96 93 95 96 95 97 97 95 96 91 88 78 83 81 75 83 82 78 76 83 87 89 94 95 86 90 96 94
-9 -9 -9 -9 -9 -9 -9 -9 -9 -9 -9 -9 -9 -9 -9 -9 -9 -9 -9 -9 -9 -9 -9 -9 -9 -9 -9 -9 -9 -9 -9 -9 -9 -9 67 79 89 90 90 92 92 95 91 88 81 92 87 88 91 86 77 89 81 74 83 75 82 84 86 84 81 79 90 92 92 92 94 82 85 89 81 78 94 87 95 90 93 94 76 75 84 84 86 87 90 90 78 90 92 92 87 96 90 68 95 95
-9 -9 -9 -9 -9 -9 -9 -9 -9 -9 -9 -9 -9 -9 -9 -9 -9 -9 -9 -9 -9 -9 -9 -9 -9 -9 -9 -9 -9 -9 -9 -9 -9 69 59 79 79 86 89 72 76 84 85 66 82 79 75 82 84 87 88 91 78 74 84 78 82 82 87 93 84 93 92 92 89 90 92 93 89 80 77 79 89 87 85 87 77 71 78 85 76 68 87 82 87 88 92 89 93 92 89 89 94 82 83 96
-9 -9 -9 -9 -9 -9 -9 -9 -9 -9 -9 -9 -9 -9 -9 -9 -9 -9 -9 -9 -9 -9 -9 -9 -9 -9 -9 -9 -9 -9 -9 -9 -9 -9 56 76 84 80 78 57 76 83 71 74 83 77 89 89 89 93 93 93 91 82 90 89 76 86 89 95 94 96 96 88 73 77 84 90 92 93 91 90 85 92 59 60 71 87 86 90 88 90 81 82 88 92 94 93 93 93 92 90 91 85 78 92
-9 -9 -9 -9 -9 -9 -9 -9 -9 -9 -9 -9 -9 -9 -9 -9 -9 -9 -9 -9 -9 -9 -9 -9 -9 -9 -9 -9 -9 -9 -9 -9 -9 -9 84 62 59 79 61 76 92 81 89 83 84 84 84 88 94 83 93 93 92 93 93 93 95 93 92 93 94 95 93 78 77 66 72 67 73 88 93 90 94 83 77 72 90 89 86 93 92 90 88 91 91 93 96 95 89 88 96 94 95 91 86 85
-9 -9 -9 -9 -9 -9 -9 -9 -9 -9 -9 -9 -9 -9 -9 -9 -9 -9 -9 -9 -9 -9 -9 -9 -9 -9 -9 -9 -9 -9 -9 -9 -9 -9 79 81 71 90 93 92 92 88 77 70 83 86 93 93 82 90 74 64 67 70 66 65 64 65 69 78 77 80 88 71 82 78 88 86 93 93 90 83 73 76 79 87 87 78 76 90 94 95 92 92 94 95 96 96 94 71 92 97 96 91 92 80
-9 -9 -9 -9 -9 -9 -9 -9 -9 -9 -9 -9 -9 -9 -9 -9 -9 -9 -9 -9 -9 -9 -9 -9 -9 -9 -9 -9 -9 -9 -9 -9 -9 -9 -9 73 88 89 89 91 84 72 68 79 79 87 81 81 75 83 82 77 86 82 63 60 65 81 85 76 91 91 76 85 67 68 92 82 74 70 72 84 88 90 76 78 81 84 82 90 90 90 95 92 96 96 94 96 91 74 88 97 96 96 93 85
-9 -9 -9 -9 -9 -9 -9 -9 -9 -9 -9 -9 -9 -9 -9 -9 -9 -9 -9 -9 -9 -9 -9 -9 -9 -9 -9 -9 -9 -9 -9 -9 -9 -9 -9 88 88 86 90 90 88 71 75 82 86 77 82 83 83 82 62 73 86 82 70 70 84 91 93 94 92 85 90 91 76 59 60 72 78 89 86 89 92 85 75 79 87 69 87 90 92 96 94 94 96 97 95 88 95 80 87 97 94 97 90 90
-9 -9 -9 -9 -9 -9 -9 -9 -9 -9 -9 -9 -9 -9 -9 -9 -9 -9 -9 -9 -9 -9 -9 -9 -9 -9 -9 -9 -9 -9 -9 -9 -9 -9 91 92 91 82 89 91 82 86 86 83 84 76 77 73 77 76 62 71 65 53 65 75 72 74 75 59 71 62 58 57 0 90 83 90 87 84 91 79 74 77 89 87 67 92 91 91 93 93 93 89 97 97 96 96 90 94 77 97 94 96 94 92
-9 -9 -9 -9 -9 -9 -9 -9 -9 -9 -9 -9 -9 -9 -9 -9 -9 -9 -9 -9 -9 -9 -9 -9 -9 -9 -9 -9 -9 -9 -9 -9 -9 78 83 87 89 90 89 82 72 68 69 81 75 73 71 70 60 65 64 76 88 92 94 94 93 83 76 57 0 0 60 84 60 85 72 74 85 88 72 88 84 91 93 90 93 96 96 95 90 94 90 93 88 95 96 92 96 95 89 95 96 93 96 94
-9 -9 -9 -9 -9 -9 -9 -9 -9 -9 -9 -9 -9 -9 -9 -9 -9 -9 -9 -9 -9 -9 -9 -9 -9 -9 -9 -9 -9 -9 -9 -9 -9 83 85 87 90 84 91 74 67 81 71 78 73 78 78 74 69 66 68 94 87 82 0 0 0 0 0 68 84 81 79 80 77 83 82 83 83 77 70 83 82 87 73 93 96 96 96 95 95 94 96 96 87 97 96 96 95 93 94 75 95 94 96 90
-9 -9 -9 -9 -9 -9 -9 -9 -9 -9 -9 -9 -9 -9 -9 -9 -9 -9 -9 -9 -9 -9 -9 -9 -9 -9 -9 -9 -9 -9 -9 81 82 81 82 78 84 89 77 70 74 80 80 83 75 69 0 59 68 80 86 70 66 75 78 73 74 51 78 86 77 66 54 65 64 72 67 81 84 86 84 84 85 77 83 94 92 95 96 95 93 96 95 93 93 92 95 95 92 97 92 80 91 95 95 84
-9 -9 -9 -9 -9 -9 -9 -9 -9 -9 -9 -9 -9 -9 -9 -9 -9 -9 -9 -9 -9 -9 -9 -9 -9 -9 -9 -9 -9 -9 84 86 84 85 81 72 90 83 56 86 81 85 81 81 62 0 72 88 91 90 89 80 72 72 78 82 80 81 72 55 0 62 78 81 78 71 78 87 88 86 85 89 87 84 80 92 90 92 90 90 85 92 94 95 90 88 89 93 92 95 94 89 87 93 96 92
-9 -9 -9 -9 -9 -9 -9 -9 -9 -9 -9 -9 -9 -9 -9 -9 -9 -9 -9 -9 -9 -9 -9 -9 -9 -9 -9 -9 -9 87 87 79 65 78 90 85 74 73 58 79 77 81 74 55 56 81 82 67 67 66 0 0 54 70 75 59 76 66 54 66 85 85 88 79 75 81 84 89 89 87 87 87 91 91 92 93 87 93 92 90 87 74 68 92 95 93 81 88 93 93 92 93 88 87 93 91
-9 -9 -9 -9 -9 -9 -9 -9 -9 -9 -9 -9 -9 -9 -9 -9 -9 -9 -9 -9 -9 -9 -9 -9 -9 -9 -9 -9 91 85 77 62 63 86 81 76 63 79 76 74 82 72 84 78 77 69 0 0 0 0 57 75 81 70 64 67 0 64 65 84 88 93 87 80 81 77 86 90 91 90 92 94 94 86 93 92 92 94 89 91 85 84 83 92 94 91 80 82 83 93 92 92 91 86 90 91
-9 -9 -9 -9 -9 -9 -9 -9 -9 -9 -9 -9 -9 -9 -9 -9 -9 -9 -9 -9 -9 -9 -9 -9 -9 -9 -9 91 81 83 57 64 74 77 63 68 84 78 79 81 75 87 78 83 69 0 0 0 0 0 0 0 65 57 65 60 66 84 85 87 91 93 89 80 84 85 85 86 91 88 93 93 94 93 90 92 93 91 89 91 90 89 92 84 83 87 79 75 81 90 91 93 90 86 85 92
-9 -9 -9 -9 -9 -9 -9 -9 -9 -9 -9 -9 -9 -9 -9 -9 -9 -9 -9 -9 -9 -9 -9 -9 -9 -9 -9 77 78 68 70 66 71 57 62 75 58 75 77 77 81 73 67 0 0 0 65 70 73 64 69 0 52 77 78 60 68 77 84 90 90 84 84 86 85 86 81 87 89 92 94 94 92 94 92 87 89 92 88 93 90 93 89 83 82 86 86 87 88 89 94 92 87 86 87 84
-9 -9 -9 -9 -9 -9 -9 -9 -9 -9 -9 -9 -9 -9 -9 -9 -9 -9 -9 -9 -9 -9 -9 -9 -9 -9 66 69 67 69 76 74 64 60 73 0 62 76 80 74 56 64 67 58 74 72 72 75 73 60 0 54 79 79 72 76 88 88 88 86 86 87 90 85 86 81 76 74 80 91 92 94 94 90 90 86 90 94 91 92 92 94 91 88 87 88 87 87 93 89 93 92 83 82 87 84
-9 -9 -9 -9 -9 -9 -9 -9 -9 -9 -9 -9 -9 -9 -9 -9 -9 -9 -9 -9 -9 -9 -9 -9 55 60 73 72 68 83 77 74 55 77 0 66 80 85 67 0 0 65 57 71 0 59 73 52 0 0 56 56 81 71 73 80 90 92 79 81 91 90 88 88 85 82 86 80 91 94 93 92 91 93 93 89 91 92 93 94 95 95 93 92 87 86 90 92 92 84 83 91 76 84 88 88
-9 -9 -9 -9 -9 -9 -9 -9 -9 -9 -9 -9 -9 -9 -9 -9 -9 -9 -9 -9 -9 82 78 62 72 70 72 63 82 85 78 78 83 80 81 83 54 75 0 66 82 81 93 70 57 85 0 0 0 0 54 60 57 57 71 87 88 92 87 91 90 91 87 83 83 86 89 92 93 93 93 91 92 90 87 85 77 80 90 93 93 90 89 88 91 88 91 89 91 83 79 86 86 74 81 88
-9 -9 -9 -9 -9 -9 -9 -9 -9 -9 -9 -9 -9 -9 -9 -9 -9 -9 -9 -9 77 63 58 69 75 76 66 70 85 91 79 66 73 74 85 0 63 0 62 80 79 94 67 66 63 0 64 0 60 67 64 65 56 64 84 89 92 93 87 91 90 84 76 77 87 90 92 91 94 94 94 92 92 92 90 66 61 53 77 81 84 81 80 87 92 88 88 88 84 87 81 83 87 83 71 79
-9 -9 -9 -9 -9 -9 -9 -9 -9 -9 -9 -9 -9 -9 -9 -9 -9 -9 -9 66 70 70 63 68 73 70 63 79 88 78 58 60 0 77 0 62 52 0 73 84 80 74 66 0 0 53 74 66 87 73 60 58 64 84 88 95 93 92 87 91 86 69 71 87 94 92 92 93 91 93 94 92 94 94 78 52 54 59 72 58 0 62 77 90 92 82 90 93 88 74 55 66 91 80 77 66
-9 -9 -9 -9 -9 -9 -9 -9 -9 -9 -9 -9 -9 -9 -9 -9 -9 -9 75 77 73 66 72 76 86 77 69 70 0 51 55 70 0 0 72 0 0 56 80 71 68 63 0 0 0 0 0 57 71 54 0 0 83 86 87 79 87 89 88 88 86 78 75 85 89 91 93 93 92 92 91 92 95 90 80 53 62 0 0 0 0 0 62 87 93 81 77 81 64 53 0 0 61 76 66 74
-9 -9 -9 -9 -9 -9 -9 -9 -9 -9 -9 -9 -9 -9 -9 -9 -9 76 73 73 69 69 81 71 80 80 64 0 53 51 61 0 61 69 68 0 0 77 85 59 0 0 53 56 58 0 0 51 51 0 0 68 82 74 75 73 83 87 83 79 77 82 87 89 85 83 88 88 93 93 93 93 96 91 80 82 0 66 72 63 0 63 76 92 93 83 62 52 0 0 0 0 63 72 70 83
-9 -9 -9 -9 -9 -9 -9 -9 -9 -9 -9 -9 -9 -9 -9 -9 -9 70 74 72 73 82 79 73 0 0 51 54 0 0 0 61 70 55 0 0 57 83 0 0 0 0 54 56 55 0 72 81 0 0 0 68 83 75 63 62 74 71 64 58 76 84 83 92 89 92 87 88 88 93 92 93 93 92 86 80 62 75 80 58 63 75 89 93 82 72 58 0 0 0 0 0 58 70 72 85
-9 -9 -9 -9 -9 -9 -9 -9 -9 -9 -9 -9 -9 -9 -9 -9 -9 68 74 72 84 76 74 55 0 0 0 0 0 57 65 71 73 65 0 0 63 0 0 0 53 54 56 64 60 77 68 0 0 55 85 84 85 85 85 76 77 80 72 71 83 74 90 91 88 91 87 92 86 86 85 92 93 94 93 84 76 63 67 75 82 88 91 75 55 60 0 0 0 0 59 72 52 71 81 83
-9 -9 -9 -9 -9 -9 -9 -9 -9 -9 -9 -9 -9 -9 -9 -9 70 76 66 76 54 74 71 0 0 0 52 59 63 70 90 88 67 0 0 0 0 0 0 0 53 57 56 79 83 63 0 0 0 85 90 87 82 88 89 85 88 92 89 91 87 83 88 90 90 91 91 92 90 90 75 89 93 90 92 91 85 69 61 71 91 93 90 0 56 0 0 0 0 0 0 76 62 63 0 0
-9 -9 -9 -9 -9 -9 -9 -9 -9 -9 -9 -9 -9 -9 -9 -9 0 53 77 79 76 0 0 0 53 71 59 66 82 89 79 62 0 0 74 59 0 0 0 55 54 0 71 75 0 0 0 0 82 92 88 82 76 88 90 64 83 91 94 92 93 92 84 80 82 90 92 94 89 89 83 92 83 79 71 89 86 85 76 89 83 0 79 0 0 0 0 0 0 0 54 60 73 80 53 0
-9 -9 -9 -9 -9 -9 -9 -9 -9 -9 -9 -9 -9 -9 -9 -9 -9 58 85 75 72 60 58 65 0 0 0 86 81 70 56 0 62 68 60 0 0 0 0 0 0 75 75 0 0 0 73 90 93 82 79 77 78 86 86 80 89 89 90 91 84 85 77 73 78 92 93 93 93 92 93 89 82 91 73 76 75 72 90 89 0 0 87 0 0 0 0 0 0 55 72 0 81 69 0 0
-9 -9 -9 -9 -9 -9 -9 -9 -9 -9 -9 -9 -9 -9 -9 -9 -9 0 0 0 57 63 58 0 0 0 0 0 0 0 0 0 0 52 0 0 0 0 0 0 72 64 0 0 0 73 89 89 91 88 77 61 84 86 86 87 90 90 92 92 88 83 84 85 75 80 88 94 91 76 77 75 77 77 88 73 62 62 90 0 0 0 84 0 0 0 0 0 71 69 0 62 80 0 0 0
-9 -9 -9 -9 -9 -9 -9 -9 -9 -9 -9 -9 -9 -9 -9 -9 -9 63 71 0 61 0 0 0 65 51 0 0 0 52 64 0 0 0 0 0 0 0 0 72 66 0 0 0 87 92 92 91 90 74 0 75 85 84 88 89 90 89 92 91 89 91 76 87 87 74 89 89 67 71 72 75 86 87 91 67 68 64 80 0 0 0 60 0 0 0 0 0 58 0 0 57 0 0 0 0
-9 -9 -9 -9 -9 -9 -9 -9 -9 -9 -9 -9 -9 -9 -9 -9 72 52 0 65 76 73 0 0 52 0 0 66 78 81 57 0 0 0 0 0 0 0 59 64 0 0 0 85 92 89 91 86 72 0 71 85 75 88 89 91 89 92 88 93 93 85 83 79 78 76 86 87 83 84 79 62 61 61 87 81 0 75 64 0 0 0 69 0 0 0 0 67 0 54 0 0 0 0 0 0
-9 -9 -9 -9 -9 -9 -9 -9 -9 -9 -9 -9 -9 -9 -9 -9 72 56 0 53 51 0 54 66 60 56 64 85 80 0 0 0 0 0 0 0 74 80 68 0 0 0 53 86 91 91 89 82 76 64 79 83 85 90 84 90 91 93 92 92 90 87 86 64 81 81 83 86 76 73 74 66 79 69 63 86 93 74 71 0 0 0 0 0 0 0 0 54 0 0 0 0 0 0 0 0
-9 -9 -9 -9 -9 -9 -9 -9 -9 -9 -9 -9 -9 -9 -9 70 61 0 0 60 0 0 0 0 0 0 74 72 0 0 0 0 0 0 0 77 78 85 84 80 54 76 86 81 84 90 86 85 86 70 84 88 89 92 88 92 91 84 89 93 89 89 85 69 87 80 78 82 91 89 89 82 72 0 0 0 0 62 65 56 0 0 0 0 0 0 0 0 61 0 0 0 0 0 0 0
-9 -9 -9 -9 -9 -9 -9 -9 -9 -9 -9 -9 -9 0 0 0 0 0 67 72 0 0 0 0 0 79 75 51 0 0 0 66 60 56 82 92 90 90 88 67 56 76 84 88 88 84 87 82 82 82 89 89 91 88 91 85 89 87 88 90 55 86 90 79 85 77 78 90 88 88 83 71 60 72 66 54 0 0 0 0 0 0 0 0 0 0 0 0 56 0 0 0 0 0 0 0
-9 -9 -9 -9 -9 -9 -9 -9 -9 -9 -9 -9 0 0 68 0 58 58 64 69 63 58 0 0 63 71 0 0 0 0 64 75 86 85 90 89 88 93 63 0 66 78 88 90 86 89 87 83 80 91 93 88 89 88 90 85 74 73 88 75 0 0 90 79 88 75 80 74 76 83 61 63 0 0 0 0 0 0 0 0 0 0 0 0 57 0 0 0 0 0 0 0 0 0 0 0
-9 -9 -9 -9 -9 -9 -9 -9 -9 -9 -9 0 0 57 0 57 57 66 0 0 0 0 59 68 71 0 0 0 0 64 84 88 83 90 89 91 90 78 60 0 83 89 89 87 80 88 88 84 90 93 91 93 93 92 90 93 90 56 0 0 0 0 63 87 86 78 72 65 62 74 0 0 0 0 0 0 0 0 0 0 0 0 0 0 53 0 57 0 51 0 0 0 0 0 0 0
-9 -9 -9 -9 -9 -9 -9 -9 -9 -9 0 0 58 54 61 57 0 0 0 0 73 71 64 67 0 0 0 0 82 82 79 89 81 91 90 91 84 56 0 79 86 76 81 84 81 83 86 84 92 94 94 91 91 91 94 89 0 0 0 0 0 0 0 91 85 68 70 52 62 62 72 74 0 0 0 0 0 0 0 0 0 54 65 55 79 77 74 55 0 68 0 0 0 0 0 0
-9 -9 -9 -9 -9 -9 -9 -9 -9 0 0 55 61 0 0 0 0 0 0 0 85 0 0 59 52 0 0 0 83 72 89 87 81 91 79 86 68 0 70 87 85 84 83 79 91 87 88 78 91 92 54 0 68 0 60 84 65 65 54 0 0 0 0 63 83 78 77 66 56 65 63 79 0 0 0 0 0 0 0 0 60 0 0 0 0 0 0 0 0 0 55 0 0 0 0 0
-9 -9 -9 -9 -9 -9 -9 59 0 0 60 0 0 0 0 0 0 0 0 0 0 0 61 53 63 0 0 59 85 82 91 83 85 89 79 71 59 58 82 77 73 76 89 89 89 77 86 60 88 89 0 0 0 0 0 63 0 0 0 0 0 0 0 0 0 53 81 69 55 0 63 54 0 0 0 0 0 0 0 53 0 0 0 0 0 0 0 0 0 0 0 0 0 0 0 0
-9 -9 -9 -9 -9 -9 58 0 57 61 0 0 0 0 0 0 0 0 0 0 0 0 61 0 52 0 0 81 86 85 87 86 79 82 81 64 69 84 88 76 71 84 85 78 71 68 76 57 89 51 0 0 0 0 0 0 0 0 0 0 0 0 0 0 0 0 0 57 75 67 0 59 53 0 0 0 0 59 0 0 0 0 0 0 0 0 0 0 0 0 0 0 0 0 0 0
-9 -9 -9 -9 -9 71 54 71 75 0 0 0 0 0 0 0 55 0 0 57 0 54 0 53 0 0 0 86 82 88 87 80 86 84 69 57 86 87 86 71 77 88 79 71 75 79 66 57 85 0 0 0 0 0 57 0 0 0 0 0 74 80 86 87 90 85 82 0 52 71 67 0 0 0 0 0 0 0 0 0 0 0 0 0 0 0 0 0 0 0 0 0 0 0 0 0
-9 -9 -9 -9 -9 69 76 71 0 0 0 0 0 0 0 0 54 0 0 0 0 68 66 0 0 0 67 84 78 70 77 85 87 84 76 71 81 86 86 86 77 75 76 79 71 80 70 59 55 0 81 60 0 0 0 0 0 0 0 82 84 68 60 57 63 86 58 0 0 0 82 67 0 0 0 0 0 0 0 0 0 0 0 0 0 0 0 0 0 0 0 0 0 0 0 0
-9 -9 -9 -9 -9 74 73 0 0 0 0 0 0 0 0 0 0 0 0 0 60 66 59 0 0 0 69 84 83 77 86 86 81 81 79 84 75 81 88 88 85 85 80 78 77 76 81 52 0 81 74 0 0 0 0 0 0 55 86 70 0 0 0 0 0 81 0 0 0 0 83 0 0 0 0 0 0 0 0 0 0 0 60 0 0 0 0 0 0 0 0 0 0 0 0 0
-9 -9 -9 -9 78 62 0 0 0 0 0 0 0 0 58 0 0 0 0 53 66 59 55 0 0 0 0 88 78 83 88 85 66 86 83 82 72 87 87 90 86 83 87 93 88 75 57 0 80 63 0 0 0 0 0 0 0 60 61 0 0 0 0 68 70 0 0 0 0 71 76 0 0 0 0 0 0 0 0 0 0 0 0 0 0 0 0 0 0 0 0 0 0 0 0 0
-9 -9 -9 -9 81 0 0 0 0 0 0 0 0 0 0 0 0 0 0 64 58 62 59 0 0 0 0 78 75 84 83 69 54 80 85 85 72 87 78 80 75 88 0 0 64 72 64 75 0 0 0 0 0 0 0 0 0 62 67 0 0 0 0 0 0 0 0 0 71 64 0 0 0 0 0 0 0 0 0 0 0 0 0 0 0 0 0 0 0 0 0 0 0 0 0 0
-9 -9 -9 -9 55 0 0 0 0 0 0 0 57 0 0 0 0 0 0 65 0 59 53 0 0 0 0 64 69 88 82 57 60 67 62 73 73 84 87 78 81 66 0 0 0 61 74 69 0 0 0 0 0 0 0 0 0 0 68 0 0 0 0 0 0 0 0 57 77 59 0 0 0 0 0 0 0 0 0 0 0 0 0 0 0 0 0 0 0 0 0 0 0 0 0 0
