data/habitatmaps/RK_hsi_mnus_2km_2009.asc
NCOLS 183 
NROWS 114 
XLLCORNER 479000 
YLLCORNER 73000 
CELLSIZE 2000 
NODATA_value -9 
[rows 0 to 71 of 114, columns 0 to 95 of 183]
-9 -9 -9 -9 -9 -9 -9 -9 -9 -9 -9 -9 -9 -9 -9 -9 -9 -9 -9 -9 -9 -9 -9 -9 -9 -9 -9 -9 -9 -9 -9 -9 -9 -9 -9 -9 -9 -9 -9 -9 -9 -9 -9 -9 -9 -9 -9 -9 -9 -9 -9 -9 -9 -9 -9 -9 -9 -9 -9 -9 -9 -9 -9 -9 -9 -9 -9 -9 -9 -9 -9 -9 -9 -9 -9 -9 -9 -9 -9 -9 -9 -9 -9 -9 -9 -9 -9 -9 -9 -9 -9 -9 -9 -9 -9 -9
-9 -9 -9 -9 -9 -9 -9 -9 -9 -9 -9 -9 -9 -9 -9 -9 -9 -9 -9 -9 -9 -9 -9 -9 -9 -9 -9 -9 -9 -9 -9 -9 -9 -9 -9 -9 -9 -9 -9 -9 -9 -9 -9 -9 -9 -9 -9 -9 -9 -9 -9 -9 -9 -9 -9 -9 -9 -9 -9 -9 -9 -9 -9 -9 -9 -9 -9 -9 -9 -9 -9 -9 -9 -9 -9 -9 -9 -9 -9 -9 -9 -9 -9 -9 -9 -9 -9 -9 -9 -9 -9 -9 -9 -9 -9 75
-9 -9 -9 -9 -9 -9 -9 -9 -9 -9 -9 -9 -9 -9 -9 -9 -9 -9 -9 -9 -9 -9 -9 -9 -9 -9 -9 -9 -9 -9 -9 -9 -9 -9 -9 -9 -9 -9 -9 -9 -9 -9 -9 -9 -9 -9 -9 -9 -9 -9 -9 -9 -9 -9 -9 -9 -9 -9 -9 -9 -9 -9 -9 -9 -9 -9 -9 -9 -9 -9 -9 -9 -9 -9 -9 -9 -9 -9 -9 -9 -9 -9 -9 -9 -9 -9 -9 -9 -9 -9 -9 -9 -9 -9 59 64
-9 -9 -9 -9 -9 -9 -9 -9 -9 -9 -9 -9 -9 -9 -9 -9 -9 -9 -9 -9 -9 -9 -9 -9 -9 -9 -9 -9 -9 -9 -9 -9 -9 -9 -9 -9 -9 -9 -9 -9 -9 -9 -9 -9 -9 -9 -9 -9 -9 -9 -9 -9 -9 -9 -9 -9 -9 -9 -9 -9 -9 -9 -9 -9 -9 -9 -9 -9 -9 -9 -9 -9 -9 -9 -9 -9 -9 -9 -9 -9 -9 -9 -9 -9 -9 -9 -9 -9 -9 -9 -9 -9 -9 0 69 67
-9 -9 -9 -9 -9 -9 -9 -9 -9 -9 -9 -9 -9 -9 -9 -9 -9 -9 -9 -9 -9 -9 -9 -9 -9 -9 -9 -9 -9 -9 -9 -9 -9 -9 -9 -9 -9 -9 -9 -9 -9 -9 -9 -9 -9 -9 -9 -9 -9 -9 -9 -9 -9 -9 -9 -9 -9 -9 -9 -9 -9 -9 -9 -9 -9 -9 -9 -9 -9 -9 -9 -9 -9 -9 -9 -9 -9 -9 -9 -9 -9 -9 -9 -9 -9 -9 -9 -9 -9 -9 -9 -9 -9 0 66 72
-9 -9 -9 -9 -9 -9 -9 -9 -9 -9 -9 -9 -9 -9 -9 -9 -9 -9 -9 -9 -9 -9 -9 -9 -9 -9 -9 -9 -9 -9 -9 -9 -9 -9 -9 -9 -9 -9 -9 -9 -9 -9 -9 -9 -9 -9 -9 -9 -9 -9 -9 -9 -9 -9 -9 -9 -9 -9 -9 -9 -9 -9 -9 -9 -9 -9 -9 -9 -9 -9 -9 -9 -9 -9 -9 -9 -9 -9 -9 -9 -9 -9 -9 -9 -9 -9 -9 -9 -9 -9 -9 -9 0 65 71 71
-9 -9 -9 -9 -9 -9 -9 -9 -9 -9 -9 -9 -9 -9 -9 -9 -9 -9 -9 -9 -9 -9 -9 -9 -9 -9 -9 -9 -9 -9 -9 -9 -9 -9 -9 -9 -9 -9 -9 -9 -9 -9 -9 -9 -9 -9 -9 -9 -9 -9 -9 -9 -9 -9 -9 -9 -9 -9 -9 -9 -9 -9 -9 -9 -9 -9 -9 -9 -9 -9 -9 -9 -9 -9 -9 -9 -9 -9 -9 -9 -9 -9 -9 -9 -9 -9 -9 -9 -9 -9 -9 -9 51 70 61 70
-9 -9 -9 -9 -9 -9 -9 -9 -9 -9 -9 -9 -9 -9 -9 -9 -9 -9 -9 -9 -9 -9 -9 -9 -9 -9 -9 -9 -9 -9 -9 -9 -9 -9 -9 -9 -9 -9 -9 -9 -9 -9 -9 -9 -9 -9 -9 -9 -9 -9 -9 -9 -9 -9 -9 -9 -9 -9 -9 -9 -9 -9 -9 -9 -9 -9 -9 -9 -9 -9 -9 -9 -9 -9 -9 -9 -9 -9 -9 -9 -9 -9 -9 -9 -9 -9 -9 -9 -9 0 64 63 76 80 78 76
-9 -9 -9 -9 -9 -9 -9 -9 -9 -9 -9 -9 -9 -9 -9 -9 -9 -9 -9 -9 -9 -9 -9 -9 -9 -9 -9 -9 -9 -9 -9 -9 -9 -9 -9 -9 -9 -9 -9 -9 -9 -9 -9 -9 -9 -9 -9 -9 -9 -9 -9 -9 -9 -9 -9 -9 -9 -9 -9 -9 -9 -9 -9 -9 -9 -9 -9 -9 -9 53 -9 -9 -9 -9 -9 -9 -9 -9 -9 -9 -9 -9 -9 -9 -9 -9 53 69 61 62 67 77 81 81 69 73
-9 -9 -9 -9 -9 -9 -9 -9 -9 -9 -9 -9 -9 -9 -9 -9 -9 -9 -9 -9 -9 -9 -9 -9 -9 -9 -9 -9 -9 -9 -9 -9 -9 -9 -9 -9 -9 -9 -9 -9 -9 -9 -9 -9 -9 -9 -9 -9 -9 -9 -9 -9 -9 -9 -9 -9 -9 -9 -9 -9 -9 -9 -9 -9 -9 77 63 71 74 60 59 73 75 -9 -9 60 64 54 -9 -9 -9 -9 -9 -9 57 72 63 73 69 78 74 79 76 73 75 70
-9 -9 -9 -9 -9 -9 -9 -9 -9 -9 -9 -9 -9 -9 -9 -9 -9 -9 -9 -9 -9 -9 -9 -9 -9 -9 -9 -9 -9 -9 -9 -9 -9 -9 -9 -9 -9 -9 -9 -9 -9 -9 -9 -9 -9 -9 -9 -9 -9 -9 -9 -9 -9 -9 -9 -9 -9 -9 -9 -9 -9 -9 0 0 76 67 51 56 75 74 61 59 61 73 60 70 83 62 55 0 0 -9 67 66 63 65 71 82 83 76 73 67 67 67 75 68
-9 -9 -9 -9 -9 -9 -9 -9 -9 -9 -9 -9 -9 -9 -9 -9 -9 -9 -9 -9 -9 -9 -9 -9 -9 -9 -9 -9 -9 -9 -9 -9 -9 -9 -9 -9 -9 -9 -9 -9 -9 -9 -9 -9 -9 -9 -9 -9 -9 -9 -9 -9 -9 -9 -9 -9 -9 -9 -9 -9 -9 0 0 0 0 0 0 54 69 80 76 79 71 79 80 85 84 72 55 60 61 67 67 71 76 73 82 79 81 76 68 61 64 0 65 81
-9 -9 -9 -9 -9 -9 -9 -9 -9 -9 -9 -9 -9 -9 -9 -9 -9 -9 -9 -9 -9 -9 -9 -9 -9 -9 -9 -9 -9 -9 -9 -9 -9 -9 -9 -9 -9 -9 -9 -9 -9 -9 -9 -9 -9 -9 -9 -9 -9 -9 -9 -9 -9 -9 -9 -9 -9 -9 -9 -9 0 0 0 0 0 0 0 0 82 59 82 86 85 83 90 90 85 79 71 75 71 76 55 64 66 73 80 79 72 60 63 0 0 75 82 86
-9 -9 -9 -9 -9 -9 -9 -9 -9 -9 -9 -9 -9 -9 -9 -9 -9 -9 -9 -9 -9 -9 -9 -9 -9 -9 -9 -9 -9 -9 -9 -9 -9 -9 -9 -9 -9 -9 -9 -9 -9 -9 -9 -9 -9 -9 -9 -9 -9 -9 -9 -9 -9 -9 -9 -9 -9 -9 -9 80 53 0 0 0 0 0 0 77 60 82 65 68 90 85 83 82 78 82 67 73 76 74 76 73 62 73 70 63 0 0 0 64 73 85 79 77
-9 -9 -9 -9 -9 -9 -9 -9 -9 -9 -9 -9 -9 -9 -9 -9 -9 -9 -9 -9 -9 -9 -9 -9 -9 -9 -9 -9 -9 -9 -9 -9 -9 -9 -9 -9 -9 -9 -9 -9 -9 -9 -9 54 67 67 65 66 58 72 0 62 -9 -9 -9 -9 -9 -9 80 81 65 0 0 0 0 0 0 0 0 84 77 63 83 70 57 0 54 73 62 84 78 73 77 75 70 64 55 56 67 76 68 78 63 80 82 88
-9 -9 -9 -9 -9 -9 -9 -9 -9 -9 -9 -9 -9 -9 -9 -9 -9 -9 -9 -9 -9 -9 -9 -9 -9 -9 -9 -9 -9 -9 -9 -9 -9 -9 -9 -9 -9 -9 -9 -9 65 65 58 71 64 67 70 64 58 70 60 58 73 71 63 -9 -9 82 81 82 64 57 0 0 0 0 0 0 51 87 85 63 52 54 0 0 0 0 0 74 78 73 76 78 69 0 74 83 82 72 0 78 78 68 77 82
-9 -9 -9 -9 -9 -9 -9 -9 -9 -9 -9 -9 -9 -9 -9 -9 -9 -9 -9 -9 -9 -9 -9 -9 -9 -9 -9 -9 -9 -9 -9 -9 -9 -9 -9 -9 -9 -9 -9 64 65 55 68 64 59 0 64 61 74 66 78 74 77 79 79 67 82 86 81 82 77 72 58 0 0 0 0 0 81 72 54 73 0 0 0 0 66 52 0 71 55 75 60 69 66 70 78 83 88 78 59 79 78 83 81 80
-9 -9 -9 -9 -9 -9 -9 -9 -9 -9 -9 -9 -9 -9 -9 -9 -9 -9 -9 -9 -9 -9 -9 -9 -9 -9 -9 -9 -9 -9 -9 -9 -9 -9 -9 -9 -9 -9 0 68 61 66 65 71 53 0 0 71 67 74 78 81 76 79 81 80 80 82 84 88 86 74 71 58 51 0 0 0 0 0 0 0 0 55 54 82 86 83 70 53 0 54 69 77 80 74 83 88 87 78 63 84 84 88 86 83
-9 -9 -9 -9 -9 -9 -9 -9 -9 -9 -9 -9 -9 -9 -9 -9 -9 -9 -9 -9 -9 -9 -9 -9 -9 -9 -9 -9 -9 -9 -9 -9 -9 -9 -9 -9 -9 -9 0 59 63 63 76 72 73 73 76 80 75 80 75 81 82 81 86 87 77 81 87 86 87 75 75 78 77 0 0 0 0 0 0 54 75 82 81 89 87 81 88 84 88 81 84 82 89 84 85 82 73 59 69 79 80 84 88 86
-9 -9 -9 -9 -9 -9 -9 -9 -9 -9 -9 -9 -9 -9 -9 -9 -9 -9 -9 -9 -9 -9 -9 -9 -9 -9 -9 -9 -9 -9 -9 -9 -9 -9 -9 -9 -9 -9 56 73 71 74 78 78 73 69 72 81 86 87 84 79 82 88 90 85 78 78 79 83 84 78 78 77 0 79 0 75 70 83 81 82 85 89 84 90 90 90 87 88 89 84 75 86 89 87 86 83 73 72 70 85 82 88 86 89
-9 -9 -9 -9 -9 -9 -9 -9 -9 -9 -9 -9 -9 -9 -9 -9 -9 -9 -9 -9 -9 -9 -9 -9 -9 -9 -9 -9 -9 -9 -9 -9 -9 -9 -9 -9 -9 0 60 69 80 81 86 70 73 80 70 73 69 71 70 65 86 88 86 87 87 87 77 78 77 79 84 67 0 58 0 80 67 74 80 0 65 74 86 89 90 90 88 87 85 82 88 87 83 87 87 86 57 64 54 79 83 89 89 90
-9 -9 -9 -9 -9 -9 -9 -9 -9 -9 -9 -9 -9 -9 -9 -9 -9 -9 -9 -9 -9 -9 -9 -9 -9 -9 -9 -9 -9 -9 -9 -9 -9 -9 -9 -9 -9 52 69 81 87 87 81 79 73 0 76 79 81 80 83 81 87 88 89 87 80 82 78 80 75 89 87 84 82 78 0 78 77 88 79 74 75 84 86 88 87 90 86 79 84 87 90 84 90 88 85 66 74 81 84 90 88 84 89 88
-9 -9 -9 -9 -9 -9 -9 -9 -9 -9 -9 -9 -9 -9 -9 -9 -9 -9 -9 -9 -9 -9 -9 -9 -9 -9 -9 -9 -9 -9 -9 -9 -9 -9 -9 -9 0 60 78 71 78 81 87 87 87 63 64 73 80 74 86 85 88 90 83 70 73 80 87 83 75 70 73 76 75 84 75 87 87 84 81 79 81 81 87 89 86 89 89 90 88 89 91 84 89 86 83 58 81 82 83 84 83 84 87 88
-9 -9 -9 -9 -9 -9 -9 -9 -9 -9 -9 -9 -9 -9 -9 -9 -9 -9 -9 -9 -9 -9 -9 -9 -9 -9 -9 -9 -9 -9 -9 -9 -9 -9 -9 0 79 64 75 70 84 87 86 74 83 70 53 75 88 87 87 85 84 87 85 76 84 80 65 66 70 70 77 79 75 73 74 86 90 87 83 80 83 82 84 83 83 92 92 91 90 82 87 81 89 86 85 77 87 82 84 83 86 90 86 84
-9 -9 -9 -9 -9 -9 -9 -9 -9 -9 -9 -9 -9 -9 -9 -9 -9 -9 -9 -9 -9 -9 -9 -9 -9 -9 -9 -9 -9 -9 -9 -9 -9 -9 74 0 84 83 87 67 85 88 85 77 75 74 75 84 83 83 88 90 87 86 86 89 82 74 69 78 80 74 72 73 81 82 78 83 87 89 84 90 89 87 88 92 92 92 91 76 84 67 74 67 83 80 72 74 81 82 83 74 84 88 90 86
-9 -9 -9 -9 -9 -9 -9 -9 -9 -9 -9 -9 -9 -9 -9 -9 -9 -9 -9 -9 -9 -9 -9 -9 -9 -9 -9 -9 -9 -9 -9 -9 -9 -9 55 62 88 89 87 61 84 86 84 75 77 81 85 87 88 91 90 88 79 90 83 83 76 71 76 76 77 65 71 83 83 88 89 90 91 88 90 91 90 92 91 90 91 85 83 73 78 76 70 77 75 72 70 77 81 83 89 90 81 85 91 89
-9 -9 -9 -9 -9 -9 -9 -9 -9 -9 -9 -9 -9 -9 -9 -9 -9 -9 -9 -9 -9 -9 -9 -9 -9 -9 -9 -9 -9 -9 -9 -9 -9 -9 62 74 84 85 85 87 87 89 86 83 75 87 81 82 84 82 72 84 76 67 77 69 77 79 81 80 75 74 85 87 87 86 89 77 79 84 76 73 89 82 90 85 88 89 71 70 79 79 81 82 84 84 73 84 86 87 82 91 86 61 89 90
-9 -9 -9 -9 -9 -9 -9 -9 -9 -9 -9 -9 -9 -9 -9 -9 -9 -9 -9 -9 -9 -9 -9 -9 -9 -9 -9 -9 -9 -9 -9 -9 -9 64 54 74 74 81 84 66 72 79 79 61 76 74 70 78 79 82 82 86 73 69 77 72 77 77 82 88 79 88 87 87 84 84 86 88 84 75 72 74 84 82 80 82 73 67 73 80 71 63 82 77 81 82 86 84 88 87 84 83 88 80 76 90
-9 -9 -9 -9 -9 -9 -9 -9 -9 -9 -9 -9 -9 -9 -9 -9 -9 -9 -9 -9 -9 -9 -9 -9 -9 -9 -9 -9 -9 -9 -9 -9 -9 -9 0 71 79 75 73 52 71 78 66 69 78 72 84 85 84 88 88 88 86 76 84 84 69 80 84 90 89 91 91 83 68 71 78 85 87 88 86 85 80 87 53 54 65 81 80 85 83 85 76 77 82 86 88 87 87 88 87 84 85 82 74 86
-9 -9 -9 -9 -9 -9 -9 -9 -9 -9 -9 -9 -9 -9 -9 -9 -9 -9 -9 -9 -9 -9 -9 -9 -9 -9 -9 -9 -9 -9 -9 -9 -9 -9 79 57 54 74 56 71 87 78 84 78 80 79 79 83 89 78 88 88 87 88 88 88 89 88 87 88 89 90 88 72 72 61 65 62 68 83 87 85 89 78 72 67 85 83 81 87 87 85 83 86 85 87 90 90 82 83 90 89 90 86 80 79
-9 -9 -9 -9 -9 -9 -9 -9 -9 -9 -9 -9 -9 -9 -9 -9 -9 -9 -9 -9 -9 -9 -9 -9 -9 -9 -9 -9 -9 -9 -9 -9 -9 -9 74 76 66 85 88 87 87 84 72 65 77 81 88 88 77 85 69 58 61 65 63 61 59 59 65 73 71 75 83 65 76 73 83 80 88 88 86 78 67 71 74 82 82 72 69 85 89 89 86 87 89 90 90 90 89 65 87 91 91 86 86 75
-9 -9 -9 -9 -9 -9 -9 -9 -9 -9 -9 -9 -9 -9 -9 -9 -9 -9 -9 -9 -9 -9 -9 -9 -9 -9 -9 -9 -9 -9 -9 -9 -9 -9 -9 68 83 84 84 86 79 67 63 73 73 81 75 77 71 78 76 70 80 76 58 55 60 76 79 71 86 87 71 80 62 63 86 77 69 66 67 79 83 85 69 72 76 79 78 84 85 84 90 87 91 91 89 91 85 68 82 91 90 90 86 78
-9 -9 -9 -9 -9 -9 -9 -9 -9 -9 -9 -9 -9 -9 -9 -9 -9 -9 -9 -9 -9 -9 -9 -9 -9 -9 -9 -9 -9 -9 -9 -9 -9 -9 -9 83 83 81 85 85 83 66 68 77 81 72 77 78 76 77 57 69 81 78 65 64 79 86 88 89 88 79 85 86 71 53 55 67 73 84 81 84 87 80 70 74 82 64 82 84 87 90 88 89 91 91 90 81 89 75 82 92 88 91 83 84
-9 -9 -9 -9 -9 -9 -9 -9 -9 -9 -9 -9 -9 -9 -9 -9 -9 -9 -9 -9 -9 -9 -9 -9 -9 -9 -9 -9 -9 -9 -9 -9 -9 -9 86 87 86 77 84 86 77 81 79 78 77 70 71 66 70 71 57 64 58 0 60 70 67 69 69 54 66 57 53 52 0 85 77 84 81 79 86 75 69 72 84 81 62 87 86 85 87 88 87 83 92 91 90 90 84 88 72 92 89 89 88 87
-9 -9 -9 -9 -9 -9 -9 -9 -9 -9 -9 -9 -9 -9 -9 -9 -9 -9 -9 -9 -9 -9 -9 -9 -9 -9 -9 -9 -9 -9 -9 -9 -9 73 78 82 84 85 84 77 67 63 64 75 69 64 67 64 51 54 59 71 82 87 89 89 88 78 71 52 0 0 55 79 55 80 66 68 80 82 67 83 79 86 88 84 87 91 91 89 84 89 84 86 81 88 89 85 90 89 84 90 91 87 90 88
-9 -9 -9 -9 -9 -9 -9 -9 -9 -9 -9 -9 -9 -9 -9 -9 -9 -9 -9 -9 -9 -9 -9 -9 -9 -9 -9 -9 -9 -9 -9 -9 -9 78 81 82 85 79 86 69 62 75 66 72 68 74 72 68 63 59 62 89 82 76 0 0 0 0 0 63 78 76 74 75 72 78 75 77 77 72 64 77 76 82 67 86 90 90 90 89 89 89 91 91 80 91 90 90 90 87 88 70 90 89 90 84
-9 -9 -9 -9 -9 -9 -9 -9 -9 -9 -9 -9 -9 -9 -9 -9 -9 -9 -9 -9 -9 -9 -9 -9 -9 -9 -9 -9 -9 -9 -9 77 77 76 77 73 78 84 72 65 70 75 75 76 71 66 0 55 63 75 81 66 61 69 70 66 69 0 72 79 69 59 0 60 59 67 62 76 79 81 78 77 79 73 76 88 86 89 91 89 87 91 90 88 87 86 89 89 86 91 86 75 86 90 90 78
-9 -9 -9 -9 -9 -9 -9 -9 -9 -9 -9 -9 -9 -9 -9 -9 -9 -9 -9 -9 -9 -9 -9 -9 -9 -9 -9 -9 -9 -9 79 81 79 80 76 67 85 78 0 81 76 81 75 75 58 0 67 83 85 85 84 76 67 66 71 75 75 76 67 0 0 56 73 76 73 66 73 82 83 81 79 83 82 79 73 86 84 87 84 85 80 87 89 89 84 82 83 87 86 90 88 83 82 88 91 87
-9 -9 -9 -9 -9 -9 -9 -9 -9 -9 -9 -9 -9 -9 -9 -9 -9 -9 -9 -9 -9 -9 -9 -9 -9 -9 -9 -9 -9 82 82 74 60 73 86 80 69 68 52 73 70 76 69 0 0 76 77 62 61 60 0 0 0 65 70 53 71 61 0 60 80 79 82 74 70 76 78 84 84 82 82 81 84 85 86 87 81 87 85 84 81 67 61 86 89 88 76 83 87 87 87 87 83 82 88 86
-9 -9 -9 -9 -9 -9 -9 -9 -9 -9 -9 -9 -9 -9 -9 -9 -9 -9 -9 -9 -9 -9 -9 -9 -9 -9 -9 -9 86 80 72 57 58 81 76 71 58 74 72 70 77 67 77 71 72 62 0 0 0 0 0 67 75 66 59 60 0 59 60 79 82 87 81 75 76 72 81 85 86 84 86 88 88 80 87 86 87 88 83 85 79 78 77 86 87 85 75 77 77 87 87 87 85 81 85 86
-9 -9 -9 -9 -9 -9 -9 -9 -9 -9 -9 -9 -9 -9 -9 -9 -9 -9 -9 -9 -9 -9 -9 -9 -9 -9 -9 86 75 78 51 58 69 72 58 63 78 72 73 76 72 82 71 76 60 0 0 0 0 0 0 0 60 52 60 55 63 80 80 81 85 87 83 75 79 80 80 81 86 83 87 86 88 87 84 86 87 85 83 86 84 83 86 78 77 80 73 70 75 84 86 88 85 81 80 87
-9 -9 -9 -9 -9 -9 -9 -9 -9 -9 -9 -9 -9 -9 -9 -9 -9 -9 -9 -9 -9 -9 -9 -9 -9 -9 -9 72 73 64 64 62 67 52 56 68 0 68 72 72 76 66 62 0 0 0 60 65 68 59 64 0 0 72 72 55 63 73 79 85 85 79 79 81 80 81 76 82 84 86 87 87 85 88 85 81 83 86 83 87 84 87 83 77 75 80 80 81 82 83 89 86 82 81 82 79
-9 -9 -9 -9 -9 -9 -9 -9 -9 -9 -9 -9 -9 -9 -9 -9 -9 -9 -9 -9 -9 -9 -9 -9 -9 -9 62 64 62 64 71 69 59 55 68 0 53 70 74 70 0 56 60 53 68 67 67 69 67 55 0 0 74 74 66 69 82 82 83 82 81 82 85 80 81 76 71 70 74 85 85 87 87 84 85 79 83 88 86 86 86 88 85 82 81 82 82 81 86 84 87 86 78 77 81 78
-9 -9 -9 -9 -9 -9 -9 -9 -9 -9 -9 -9 -9 -9 -9 -9 -9 -9 -9 -9 -9 -9 -9 -9 0 55 68 67 63 78 72 69 0 72 0 61 73 79 62 0 0 58 51 66 0 54 68 0 0 0 51 0 76 67 68 74 84 86 75 77 86 85 83 83 80 77 81 75 86 87 86 85 85 86 86 81 84 86 88 88 89 89 87 87 82 81 85 86 85 78 77 85 70 79 82 82
-9 -9 -9 -9 -9 -9 -9 -9 -9 -9 -9 -9 -9 -9 -9 -9 -9 -9 -9 -9 -9 77 73 57 68 65 67 58 77 80 73 73 77 74 75 77 0 69 0 61 76 76 88 65 53 80 0 0 0 0 0 55 52 53 66 82 82 85 82 87 85 87 82 78 78 81 84 86 87 87 86 83 85 82 79 78 70 74 84 86 88 84 83 83 86 83 86 84 85 77 74 81 81 69 74 82
-9 -9 -9 -9 -9 -9 -9 -9 -9 -9 -9 -9 -9 -9 -9 -9 -9 -9 -9 -9 72 58 53 65 70 71 61 65 80 86 74 60 67 70 80 0 58 0 56 75 74 89 62 62 60 0 60 0 54 63 59 61 53 59 79 82 86 87 82 86 85 79 72 72 82 85 86 85 88 87 87 86 86 86 84 60 57 0 72 75 74 75 74 81 87 83 83 83 79 82 76 78 82 78 66 74
-9 -9 -9 -9 -9 -9 -9 -9 -9 -9 -9 -9 -9 -9 -9 -9 -9 -9 -9 61 65 65 58 63 68 65 58 74 83 73 54 56 0 73 0 58 0 0 67 78 75 69 61 0 0 0 69 61 81 68 53 53 59 78 83 89 87 86 82 86 81 66 68 82 88 86 85 87 85 87 87 86 88 87 71 0 0 0 63 52 0 57 71 85 87 78 86 88 83 69 0 56 86 75 72 61
-9 -9 -9 -9 -9 -9 -9 -9 -9 -9 -9 -9 -9 -9 -9 -9 -9 -9 71 72 68 61 68 71 81 72 64 65 0 0 52 65 0 0 67 0 0 52 75 64 62 58 0 0 0 0 0 52 65 0 0 0 78 80 81 73 81 84 83 83 81 73 70 79 83 85 86 87 87 86 85 87 89 83 73 0 56 0 0 0 0 0 57 82 88 76 72 76 59 0 0 0 0 71 61 69
-9 -9 -9 -9 -9 -9 -9 -9 -9 -9 -9 -9 -9 -9 -9 -9 -9 71 68 68 64 64 76 67 75 75 58 0 0 0 57 0 55 63 63 0 0 72 80 54 0 0 0 52 53 0 0 0 0 0 0 63 78 69 71 68 78 82 78 74 73 77 82 82 78 76 80 81 88 88 87 88 90 85 74 76 0 62 64 58 0 58 70 87 88 78 57 0 0 0 0 0 57 66 65 79
-9 -9 -9 -9 -9 -9 -9 -9 -9 -9 -9 -9 -9 -9 -9 -9 -9 65 69 67 68 77 74 69 0 0 0 51 0 0 0 52 61 0 0 0 52 78 0 0 0 0 0 0 0 0 67 76 0 0 0 63 79 70 59 57 69 66 59 53 71 79 78 87 84 86 81 82 83 88 86 88 88 87 81 75 57 70 75 53 56 70 84 88 77 67 54 0 0 0 0 0 53 65 67 80
-9 -9 -9 -9 -9 -9 -9 -9 -9 -9 -9 -9 -9 -9 -9 -9 -9 63 71 67 78 71 69 0 0 0 0 0 0 0 57 64 67 61 0 0 58 0 0 0 0 0 0 59 55 72 64 0 0 0 79 79 80 80 80 70 71 75 66 66 78 69 85 86 83 86 81 87 80 79 78 87 88 89 87 79 71 57 61 69 77 83 86 70 0 55 0 0 0 0 0 65 0 67 77 79
-9 -9 -9 -9 -9 -9 -9 -9 -9 -9 -9 -9 -9 -9 -9 -9 65 71 61 72 52 69 66 0 0 0 0 54 57 64 84 83 61 0 0 0 0 0 0 0 0 0 0 72 77 58 0 0 0 78 84 81 77 83 85 81 82 87 84 86 82 78 83 85 85 86 86 86 83 82 69 83 88 86 88 87 79 60 53 66 86 88 85 0 51 0 0 0 0 0 0 72 57 59 0 0
-9 -9 -9 -9 -9 -9 -9 -9 -9 -9 -9 -9 -9 -9 -9 -9 0 0 72 74 71 0 0 0 0 66 54 61 77 84 73 57 0 0 69 54 0 0 0 0 0 0 66 70 0 0 0 0 75 86 83 77 73 83 85 65 78 85 88 87 88 87 78 75 77 85 86 88 82 82 77 87 78 74 66 84 79 73 68 84 78 0 75 0 0 0 0 0 0 0 0 56 68 75 0 0
-9 -9 -9 -9 -9 -9 -9 -9 -9 -9 -9 -9 -9 -9 -9 -9 -9 53 80 70 67 55 53 62 0 0 0 81 75 63 52 0 56 63 55 0 0 0 0 0 0 68 69 0 0 0 66 84 87 75 72 71 75 81 81 75 84 84 85 85 78 79 71 68 73 87 87 86 87 86 88 83 77 86 68 71 70 67 85 84 0 0 82 0 0 0 0 0 0 51 67 0 76 64 0 0
-9 -9 -9 -9 -9 -9 -9 -9 -9 -9 -9 -9 -9 -9 -9 -9 -9 0 0 0 52 58 53 0 0 0 0 0 0 0 0 0 0 0 0 0 0 0 0 0 66 59 0 0 0 66 83 83 85 82 70 56 78 81 81 82 85 84 86 86 81 76 79 80 70 73 82 88 86 70 70 69 72 72 83 68 57 57 86 0 0 0 78 0 0 0 0 0 66 64 0 57 75 0 0 0
-9 -9 -9 -9 -9 -9 -9 -9 -9 -9 -9 -9 -9 -9 -9 -9 -9 58 66 0 56 0 0 0 58 0 0 0 0 0 55 0 0 0 0 0 0 0 0 66 61 0 0 0 81 86 86 85 83 67 0 69 79 78 82 84 85 83 86 84 81 84 70 81 81 68 83 84 62 64 67 70 81 82 86 62 63 59 75 0 0 0 55 0 0 0 0 0 53 0 0 52 0 0 0 0
-9 -9 -9 -9 -9 -9 -9 -9 -9 -9 -9 -9 -9 -9 -9 -9 67 0 0 61 71 68 0 0 0 0 0 61 72 75 51 0 0 0 0 0 0 0 52 57 0 0 0 78 87 83 86 81 66 0 65 79 70 83 84 86 84 86 81 87 86 78 77 73 72 70 80 82 77 79 73 56 56 56 82 76 0 70 60 0 0 0 64 0 0 0 0 60 0 0 0 0 0 0 0 0
-9 -9 -9 -9 -9 -9 -9 -9 -9 -9 -9 -9 -9 -9 -9 -9 67 51 0 0 0 0 0 61 55 0 59 80 75 0 0 0 0 0 0 0 69 75 63 0 0 0 0 79 85 85 84 76 70 58 73 77 80 85 79 85 86 88 86 86 83 81 81 57 75 74 77 81 67 64 66 59 74 64 58 81 88 68 66 0 0 0 0 0 0 0 0 0 0 0 0 0 0 0 0 0
-9 -9 -9 -9 -9 -9 -9 -9 -9 -9 -9 -9 -9 -9 -9 65 56 0 0 55 0 0 0 0 0 0 69 67 0 0 0 0 0 0 0 71 73 79 78 75 0 71 81 75 78 85 80 79 81 63 78 82 84 86 83 87 86 79 84 88 83 84 79 62 81 74 72 75 85 83 83 77 68 0 0 0 0 57 62 0 0 0 0 0 0 0 0 0 57 0 0 0 0 0 0 0
-9 -9 -9 -9 -9 -9 -9 -9 -9 -9 -9 -9 -9 0 0 0 0 0 62 67 0 0 0 0 0 74 70 0 0 0 0 61 55 51 76 86 84 85 82 61 0 70 80 82 83 79 78 77 77 76 84 83 86 84 86 79 85 82 83 85 0 80 84 74 78 71 72 84 82 82 77 66 56 67 61 0 0 0 0 0 0 0 0 0 0 0 0 0 0 0 0 0 0 0 0 0
-9 -9 -9 -9 -9 -9 -9 -9 -9 -9 -9 -9 0 0 64 0 53 53 59 64 58 53 0 0 57 65 0 0 0 0 59 71 80 79 84 84 82 87 56 0 60 71 82 85 82 84 82 78 74 85 87 82 83 82 85 79 70 68 83 68 0 0 85 73 81 67 74 68 71 78 55 58 0 0 0 0 0 0 0 0 0 0 0 0 52 0 0 0 0 0 0 0 0 0 0 0
-9 -9 -9 -9 -9 -9 -9 -9 -9 -9 -9 0 0 52 0 52 52 61 0 0 0 0 53 63 66 0 0 0 0 59 80 83 78 85 84 85 85 72 53 0 77 84 84 82 73 83 83 79 84 87 85 88 87 85 84 88 85 0 0 0 0 0 58 81 78 72 66 60 57 69 0 0 0 0 0 0 0 0 0 0 0 0 0 0 0 0 0 0 0 0 0 0 0 0 0 0
-9 -9 -9 -9 -9 -9 -9 -9 -9 -9 0 0 52 0 56 52 0 0 0 0 68 66 59 63 0 0 0 0 78 77 74 84 75 85 84 86 78 0 0 73 82 71 76 79 75 78 81 79 86 88 89 85 86 86 88 83 0 0 0 0 0 0 0 86 80 66 64 0 57 57 67 70 0 0 0 0 0 0 0 0 0 0 59 0 74 71 69 0 0 63 0 0 0 0 0 0
-9 -9 -9 -9 -9 -9 -9 -9 -9 0 0 0 56 0 0 0 0 0 0 0 80 0 0 52 0 0 0 0 78 69 84 82 75 85 75 80 62 0 64 82 80 79 77 75 85 81 83 73 86 87 0 0 65 0 0 79 62 59 51 0 0 0 0 58 77 74 71 61 0 60 58 73 0 0 0 0 0 0 0 0 54 0 0 0 0 0 0 0 0 0 0 0 0 0 0 0
-9 -9 -9 -9 -9 -9 -9 54 0 0 56 0 0 0 0 0 0 0 0 0 0 0 55 0 58 0 0 54 80 78 86 78 80 84 75 65 53 53 77 72 67 71 84 84 84 70 79 54 83 84 0 0 0 0 0 59 0 0 0 0 0 0 0 0 0 0 75 64 0 0 58 0 0 0 0 0 0 0 0 0 0 0 0 0 0 0 0 0 0 0 0 0 0 0 0 0
-9 -9 -9 -9 -9 -9 53 0 52 56 0 0 0 0 0 0 0 0 0 0 0 0 56 0 0 0 0 75 81 79 82 81 74 77 76 59 64 79 83 71 66 79 80 73 64 63 70 52 84 0 0 0 0 0 0 0 0 0 0 0 0 0 0 0 0 0 0 53 70 62 0 54 0 0 0 0 0 54 0 0 0 0 0 0 0 0 0 0 0 0 0 0 0 0 0 0
-9 -9 -9 -9 -9 66 0 66 70 0 0 0 0 0 0 0 0 0 0 52 0 0 0 0 0 0 0 80 77 83 82 75 81 79 64 52 81 82 81 66 72 83 74 65 71 75 62 52 80 0 0 0 0 0 53 0 0 0 0 0 68 75 81 82 85 80 77 0 0 67 62 0 0 0 0 0 0 0 0 0 0 0 0 0 0 0 0 0 0 0 0 0 0 0 0 0
-9 -9 -9 -9 -9 64 71 66 0 0 0 0 0 0 0 0 0 0 0 0 0 61 61 0 0 0 61 78 72 66 72 80 82 79 71 66 76 81 81 81 72 70 71 74 67 76 65 54 54 0 76 56 0 0 0 0 0 0 0 77 79 63 56 51 59 81 53 0 0 0 77 62 0 0 0 0 0 0 0 0 0 0 0 0 0 0 0 0 0 0 0 0 0 0 0 0
-9 -9 -9 -9 -9 69 68 0 0 0 0 0 0 0 0 0 0 0 0 0 54 60 53 0 0 0 64 78 77 71 81 81 75 76 74 79 70 76 83 82 78 79 75 73 72 71 76 0 0 76 70 0 0 0 0 0 0 51 80 63 0 0 0 0 0 76 0 0 0 0 79 0 0 0 0 0 0 0 0 0 0 0 54 0 0 0 0 0 0 0 0 0 0 0 0 0
-9 -9 -9 -9 73 58 0 0 0 0 0 0 0 0 53 0 0 0 0 0 60 54 0 0 0 0 0 83 73 78 83 79 60 80 78 77 67 82 82 84 80 78 82 88 83 70 52 0 74 58 0 0 0 0 0 0 0 55 53 0 0 0 0 62 65 0 0 0 0 66 70 0 0 0 0 0 0 0 0 0 0 0 0 0 0 0 0 0 0 0 0 0 0 0 0 0
-9 -9 -9 -9 76 0 0 0 0 0 0 0 0 0 0 0 0 0 0 60 53 57 54 0 0 0 0 74 70 78 77 62 0 74 80 81 67 82 74 74 69 83 0 0 58 68 59 70 0 0 0 0 0 0 0 0 0 58 59 0 0 0 0 0 0 0 0 0 66 61 0 0 0 0 0 0 0 0 0 0 0 0 0 0 0 0 0 0 0 0 0 0 0 0 0 0
-9 -9 -9 -9 0 0 0 0 0 0 0 0 51 0 0 0 0 0 0 61 0 54 0 0 0 0 0 60 66 83 77 0 54 60 57 67 67 79 81 73 76 62 0 0 0 58 69 64 0 0 0 0 0 0 0 0 0 0 61 0 0 0 0 0 0 0 0 52 72 55 0 0 0 0 0 0 0 0 0 0 0 0 0 0 0 0 0 0 0 0 0 0 0 0 0 0
