data/habitatmaps/RK_hsi_2km_2007.asc
NCOLS 183 
NROWS 114 
XLLCORNER 479000 
YLLCORNER 73000 
CELLSIZE 2000 
NODATA_value -9 
[rows 0 to 71 of 114, columns 0 to 95 of 183]
-9 -9 -9 -9 -9 -9 -9 -9 -9 -9 -9 -9 -9 -9 -9 -9 -9 -9 -9 -9 -9 -9 -9 -9 -9 -9 -9 -9 -9 -9 -9 -9 -9 -9 -9 -9 -9 -9 -9 -9 -9 -9 -9 -9 -9 -9 -9 -9 -9 -9 -9 -9 -9 -9 -9 -9 -9 -9 -9 -9 -9 -9 -9 -9 -9 -9 -9 -9 -9 -9 -9 -9 -9 -9 -9 -9 -9 -9 -9 -9 -9 -9 -9 -9 -9 -9 -9 -9 -9 -9 -9 -9 -9 -9 -9 -9
-9 -9 -9 -9 -9 -9 -9 -9 -9 -9 -9 -9 -9 -9 -9 -9 -9 -9 -9 -9 -9 -9 -9 -9 -9 -9 -9 -9 -9 -9 -9 -9 -9 -9 -9 -9 -9 -9 -9 -9 -9 -9 -9 -9 -9 -9 -9 -9 -9 -9 -9 -9 -9 -9 -9 -9 -9 -9 -9 -9 -9 -9 -9 -9 -9 -9 -9 -9 -9 -9 -9 -9 -9 -9 -9 -9 -9 -9 -9 -9 -9 -9 -9 -9 -9 -9 -9 -9 -9 -9 -9 -9 -9 -9 -9 80
-9 -9 -9 -9 -9 -9 -9 -9 -9 -9 -9 -9 -9 -9 -9 -9 -9 -9 -9 -9 -9 -9 -9 -9 -9 -9 -9 -9 -9 -9 -9 -9 -9 -9 -9 -9 -9 -9 -9 -9 -9 -9 -9 -9 -9 -9 -9 -9 -9 -9 -9 -9 -9 -9 -9 -9 -9 -9 -9 -9 -9 -9 -9 -9 -9 -9 -9 -9 -9 -9 -9 -9 -9 -9 -9 -9 -9 -9 -9 -9 -9 -9 -9 -9 -9 -9 -9 -9 -9 -9 -9 -9 -9 -9 65 68
-9 -9 -9 -9 -9 -9 -9 -9 -9 -9 -9 -9 -9 -9 -9 -9 -9 -9 -9 -9 -9 -9 -9 -9 -9 -9 -9 -9 -9 -9 -9 -9 -9 -9 -9 -9 -9 -9 -9 -9 -9 -9 -9 -9 -9 -9 -9 -9 -9 -9 -9 -9 -9 -9 -9 -9 -9 -9 -9 -9 -9 -9 -9 -9 -9 -9 -9 -9 -9 -9 -9 -9 -9 -9 -9 -9 -9 -9 -9 -9 -9 -9 -9 -9 -9 -9 -9 -9 -9 -9 -9 -9 -9 0 75 72
-9 -9 -9 -9 -9 -9 -9 -9 -9 -9 -9 -9 -9 -9 -9 -9 -9 -9 -9 -9 -9 -9 -9 -9 -9 -9 -9 -9 -9 -9 -9 -9 -9 -9 -9 -9 -9 -9 -9 -9 -9 -9 -9 -9 -9 -9 -9 -9 -9 -9 -9 -9 -9 -9 -9 -9 -9 -9 -9 -9 -9 -9 -9 -9 -9 -9 -9 -9 -9 -9 -9 -9 -9 -9 -9 -9 -9 -9 -9 -9 -9 -9 -9 -9 -9 -9 -9 -9 -9 -9 -9 -9 -9 0 71 78
-9 -9 -9 -9 -9 -9 -9 -9 -9 -9 -9 -9 -9 -9 -9 -9 -9 -9 -9 -9 -9 -9 -9 -9 -9 -9 -9 -9 -9 -9 -9 -9 -9 -9 -9 -9 -9 -9 -9 -9 -9 -9 -9 -9 -9 -9 -9 -9 -9 -9 -9 -9 -9 -9 -9 -9 -9 -9 -9 -9 -9 -9 -9 -9 -9 -9 -9 -9 -9 -9 -9 -9 -9 -9 -9 -9 -9 -9 -9 -9 -9 -9 -9 -9 -9 -9 -9 -9 -9 -9 -9 -9 0 70 76 77
-9 -9 -9 -9 -9 -9 -9 -9 -9 -9 -9 -9 -9 -9 -9 -9 -9 -9 -9 -9 -9 -9 -9 -9 -9 -9 -9 -9 -9 -9 -9 -9 -9 -9 -9 -9 -9 -9 -9 -9 -9 -9 -9 -9 -9 -9 -9 -9 -9 -9 -9 -9 -9 -9 -9 -9 -9 -9 -9 -9 -9 -9 -9 -9 -9 -9 -9 -9 -9 -9 -9 -9 -9 -9 -9 -9 -9 -9 -9 -9 -9 -9 -9 -9 -9 -9 -9 -9 -9 -9 -9 -9 55 75 66 75
-9 -9 -9 -9 -9 -9 -9 -9 -9 -9 -9 -9 -9 -9 -9 -9 -9 -9 -9 -9 -9 -9 -9 -9 -9 -9 -9 -9 -9 -9 -9 -9 -9 -9 -9 -9 -9 -9 -9 -9 -9 -9 -9 -9 -9 -9 -9 -9 -9 -9 -9 -9 -9 -9 -9 -9 -9 -9 -9 -9 -9 -9 -9 -9 -9 -9 -9 -9 -9 -9 -9 -9 -9 -9 -9 -9 -9 -9 -9 -9 -9 -9 -9 -9 -9 -9 -9 -9 -9 0 69 67 81 85 83 81
-9 -9 -9 -9 -9 -9 -9 -9 -9 -9 -9 -9 -9 -9 -9 -9 -9 -9 -9 -9 -9 -9 -9 -9 -9 -9 -9 -9 -9 -9 -9 -9 -9 -9 -9 -9 -9 -9 -9 -9 -9 -9 -9 -9 -9 -9 -9 -9 -9 -9 -9 -9 -9 -9 -9 -9 -9 -9 -9 -9 -9 -9 -9 -9 -9 -9 -9 -9 -9 59 -9 -9 -9 -9 -9 -9 -9 -9 -9 -9 -9 -9 -9 -9 -9 -9 58 75 67 68 73 82 86 86 75 78
-9 -9 -9 -9 -9 -9 -9 -9 -9 -9 -9 -9 -9 -9 -9 -9 -9 -9 -9 -9 -9 -9 -9 -9 -9 -9 -9 -9 -9 -9 -9 -9 -9 -9 -9 -9 -9 -9 -9 -9 -9 -9 -9 -9 -9 -9 -9 -9 -9 -9 -9 -9 -9 -9 -9 -9 -9 -9 -9 -9 -9 -9 -9 -9 -9 82 69 77 79 69 64 77 80 -9 -9 65 69 58 -9 -9 -9 -9 -9 -9 62 77 67 79 74 83 79 84 81 78 80 75
-9 -9 -9 -9 -9 -9 -9 -9 -9 -9 -9 -9 -9 -9 -9 -9 -9 -9 -9 -9 -9 -9 -9 -9 -9 -9 -9 -9 -9 -9 -9 -9 -9 -9 -9 -9 -9 -9 -9 -9 -9 -9 -9 -9 -9 -9 -9 -9 -9 -9 -9 -9 -9 -9 -9 -9 -9 -9 -9 -9 -9 -9 0 0 81 72 57 61 80 85 69 67 66 78 65 75 88 67 58 0 54 -9 72 71 68 71 75 86 88 81 78 71 72 72 79 73
-9 -9 -9 -9 -9 -9 -9 -9 -9 -9 -9 -9 -9 -9 -9 -9 -9 -9 -9 -9 -9 -9 -9 -9 -9 -9 -9 -9 -9 -9 -9 -9 -9 -9 -9 -9 -9 -9 -9 -9 -9 -9 -9 -9 -9 -9 -9 -9 -9 -9 -9 -9 -9 -9 -9 -9 -9 -9 -9 -9 -9 0 0 0 0 0 0 58 74 86 81 84 75 83 84 90 89 77 58 62 64 72 72 76 81 78 87 84 86 81 72 66 70 55 70 86
-9 -9 -9 -9 -9 -9 -9 -9 -9 -9 -9 -9 -9 -9 -9 -9 -9 -9 -9 -9 -9 -9 -9 -9 -9 -9 -9 -9 -9 -9 -9 -9 -9 -9 -9 -9 -9 -9 -9 -9 -9 -9 -9 -9 -9 -9 -9 -9 -9 -9 -9 -9 -9 -9 -9 -9 -9 -9 -9 -9 0 52 0 0 0 0 0 0 87 64 87 91 90 89 95 95 90 84 77 80 76 80 60 68 72 79 85 84 77 65 69 0 56 80 88 91
-9 -9 -9 -9 -9 -9 -9 -9 -9 -9 -9 -9 -9 -9 -9 -9 -9 -9 -9 -9 -9 -9 -9 -9 -9 -9 -9 -9 -9 -9 -9 -9 -9 -9 -9 -9 -9 -9 -9 -9 -9 -9 -9 -9 -9 -9 -9 -9 -9 -9 -9 -9 -9 -9 -9 -9 -9 -9 -9 85 58 55 0 0 0 0 0 81 65 87 69 73 95 90 88 87 83 87 73 78 81 79 81 79 68 78 75 68 0 0 54 69 78 90 84 83
-9 -9 -9 -9 -9 -9 -9 -9 -9 -9 -9 -9 -9 -9 -9 -9 -9 -9 -9 -9 -9 -9 -9 -9 -9 -9 -9 -9 -9 -9 -9 -9 -9 -9 -9 -9 -9 -9 -9 -9 -9 -9 -9 59 72 72 69 71 63 77 0 67 -9 -9 -9 -9 -9 -9 85 86 70 54 0 0 0 0 0 0 0 89 81 68 88 74 59 52 58 79 69 89 83 78 82 80 76 69 59 61 73 81 74 83 68 85 87 93
-9 -9 -9 -9 -9 -9 -9 -9 -9 -9 -9 -9 -9 -9 -9 -9 -9 -9 -9 -9 -9 -9 -9 -9 -9 -9 -9 -9 -9 -9 -9 -9 -9 -9 -9 -9 -9 -9 -9 -9 70 70 62 76 69 72 75 69 63 75 65 64 78 76 68 -9 -9 87 86 87 69 62 55 0 0 0 0 0 56 92 89 67 56 58 0 0 0 53 54 79 83 78 81 83 74 0 78 87 87 77 56 83 83 73 82 87
-9 -9 -9 -9 -9 -9 -9 -9 -9 -9 -9 -9 -9 -9 -9 -9 -9 -9 -9 -9 -9 -9 -9 -9 -9 -9 -9 -9 -9 -9 -9 -9 -9 -9 -9 -9 -9 -9 -9 71 71 59 73 70 64 56 69 66 79 71 83 79 82 84 84 72 87 91 86 87 82 77 63 53 0 0 0 0 86 77 61 78 0 0 0 0 71 58 0 76 60 81 65 74 71 75 82 88 93 83 63 84 83 87 86 84
-9 -9 -9 -9 -9 -9 -9 -9 -9 -9 -9 -9 -9 -9 -9 -9 -9 -9 -9 -9 -9 -9 -9 -9 -9 -9 -9 -9 -9 -9 -9 -9 -9 -9 -9 -9 -9 -9 0 74 67 72 70 76 59 54 0 77 73 79 83 86 81 84 86 85 85 87 89 93 91 79 76 63 56 0 0 0 0 0 0 0 0 60 59 87 91 88 76 59 56 58 74 82 84 79 88 93 91 82 66 89 89 93 91 87
-9 -9 -9 -9 -9 -9 -9 -9 -9 -9 -9 -9 -9 -9 -9 -9 -9 -9 -9 -9 -9 -9 -9 -9 -9 -9 -9 -9 -9 -9 -9 -9 -9 -9 -9 -9 -9 -9 0 65 68 68 81 77 78 78 81 85 80 85 80 86 87 86 91 92 82 86 92 91 92 80 80 83 82 0 54 0 54 0 0 58 80 87 86 94 91 86 93 89 93 86 89 87 94 89 89 87 77 62 71 84 85 89 93 91
-9 -9 -9 -9 -9 -9 -9 -9 -9 -9 -9 -9 -9 -9 -9 -9 -9 -9 -9 -9 -9 -9 -9 -9 -9 -9 -9 -9 -9 -9 -9 -9 -9 -9 -9 -9 -9 -9 61 78 76 79 83 83 78 74 77 86 91 92 89 84 87 93 95 90 83 83 84 88 89 83 82 82 55 82 0 78 73 88 86 87 90 94 89 94 95 95 92 93 94 89 80 90 94 91 90 88 78 77 75 89 86 93 91 94
-9 -9 -9 -9 -9 -9 -9 -9 -9 -9 -9 -9 -9 -9 -9 -9 -9 -9 -9 -9 -9 -9 -9 -9 -9 -9 -9 -9 -9 -9 -9 -9 -9 -9 -9 -9 -9 0 64 74 85 86 91 75 78 85 75 78 75 76 75 70 91 93 91 92 91 92 82 83 82 84 89 72 0 63 0 85 71 78 84 55 70 79 91 94 95 95 92 92 90 87 93 91 87 91 92 91 62 69 59 83 87 94 94 95
-9 -9 -9 -9 -9 -9 -9 -9 -9 -9 -9 -9 -9 -9 -9 -9 -9 -9 -9 -9 -9 -9 -9 -9 -9 -9 -9 -9 -9 -9 -9 -9 -9 -9 -9 -9 -9 57 74 86 92 92 85 85 78 0 81 84 86 85 88 86 92 93 94 92 85 87 83 85 80 94 92 89 87 83 0 83 82 93 84 79 80 88 91 93 92 95 90 84 89 92 95 89 95 93 90 71 79 87 88 95 93 90 94 93
-9 -9 -9 -9 -9 -9 -9 -9 -9 -9 -9 -9 -9 -9 -9 -9 -9 -9 -9 -9 -9 -9 -9 -9 -9 -9 -9 -9 -9 -9 -9 -9 -9 -9 -9 -9 55 65 83 76 83 86 92 92 92 67 68 77 85 79 91 90 93 95 88 76 79 85 92 88 80 75 78 81 80 89 79 91 92 89 86 83 85 85 91 94 90 94 94 95 92 94 96 89 94 91 88 63 86 87 88 89 89 89 92 93
-9 -9 -9 -9 -9 -9 -9 -9 -9 -9 -9 -9 -9 -9 -9 -9 -9 -9 -9 -9 -9 -9 -9 -9 -9 -9 -9 -9 -9 -9 -9 -9 -9 -9 -9 55 85 69 80 75 89 92 91 79 87 72 55 79 93 92 92 90 89 92 90 82 90 85 71 73 75 75 82 83 79 78 78 90 95 92 88 84 87 87 89 87 88 97 97 96 95 87 92 86 94 91 90 82 92 87 88 88 91 95 91 89
-9 -9 -9 -9 -9 -9 -9 -9 -9 -9 -9 -9 -9 -9 -9 -9 -9 -9 -9 -9 -9 -9 -9 -9 -9 -9 -9 -9 -9 -9 -9 -9 -9 -9 79 0 90 88 92 72 90 93 91 82 80 77 78 89 87 88 93 95 92 91 90 94 87 79 74 84 85 79 77 77 86 86 81 86 92 94 88 95 94 92 92 97 97 97 96 80 88 71 79 72 88 84 76 79 86 87 88 79 89 93 95 91
-9 -9 -9 -9 -9 -9 -9 -9 -9 -9 -9 -9 -9 -9 -9 -9 -9 -9 -9 -9 -9 -9 -9 -9 -9 -9 -9 -9 -9 -9 -9 -9 -9 -9 60 68 93 94 92 66 89 91 89 80 80 84 89 92 93 96 95 93 84 95 88 87 81 76 81 81 81 70 76 88 88 93 94 95 96 93 95 96 95 97 96 95 96 90 88 78 83 81 75 81 79 76 74 81 84 87 94 95 86 90 96 94
-9 -9 -9 -9 -9 -9 -9 -9 -9 -9 -9 -9 -9 -9 -9 -9 -9 -9 -9 -9 -9 -9 -9 -9 -9 -9 -9 -9 -9 -9 -9 -9 -9 -9 67 79 89 90 90 92 91 94 91 88 80 91 86 86 87 87 77 90 80 70 81 73 81 84 86 86 80 80 90 92 92 91 94 82 83 89 82 77 93 87 95 90 93 94 76 75 84 84 86 87 88 88 78 88 90 92 86 96 91 64 93 95
-9 -9 -9 -9 -9 -9 -9 -9 -9 -9 -9 -9 -9 -9 -9 -9 -9 -9 -9 -9 -9 -9 -9 -9 -9 -9 -9 -9 -9 -9 -9 -9 -9 69 59 79 79 86 89 71 77 83 83 65 80 78 75 83 84 87 87 90 77 73 80 76 82 81 87 93 85 93 92 92 89 88 90 93 89 80 78 80 89 87 85 87 78 73 78 85 77 68 87 82 85 85 90 89 94 93 90 87 92 88 79 93
-9 -9 -9 -9 -9 -9 -9 -9 -9 -9 -9 -9 -9 -9 -9 -9 -9 -9 -9 -9 -9 -9 -9 -9 -9 -9 -9 -9 -9 -9 -9 -9 -9 -9 56 76 84 80 78 57 77 83 71 74 83 78 89 91 89 93 93 93 90 80 88 88 73 84 89 95 94 96 96 88 74 75 83 90 93 92 91 90 85 92 58 59 69 85 84 90 88 90 81 82 86 90 93 92 91 92 91 87 89 88 80 91
-9 -9 -9 -9 -9 -9 -9 -9 -9 -9 -9 -9 -9 -9 -9 -9 -9 -9 -9 -9 -9 -9 -9 -9 -9 -9 -9 -9 -9 -9 -9 -9 -9 -9 84 62 59 79 61 76 92 86 89 83 86 83 83 88 94 82 93 93 92 93 93 92 94 93 93 93 94 95 93 77 77 65 69 66 72 88 92 90 94 83 77 72 90 88 85 92 92 90 88 90 90 92 95 95 86 87 95 93 94 90 85 83
-9 -9 -9 -9 -9 -9 -9 -9 -9 -9 -9 -9 -9 -9 -9 -9 -9 -9 -9 -9 -9 -9 -9 -9 -9 -9 -9 -9 -9 -9 -9 -9 -9 -9 79 81 71 90 93 92 92 89 77 70 81 87 93 93 82 90 73 63 66 70 69 66 64 63 71 78 76 80 88 70 80 78 88 85 92 93 91 83 72 76 79 87 86 76 73 89 93 94 90 92 94 95 94 94 93 69 91 95 96 91 90 79
-9 -9 -9 -9 -9 -9 -9 -9 -9 -9 -9 -9 -9 -9 -9 -9 -9 -9 -9 -9 -9 -9 -9 -9 -9 -9 -9 -9 -9 -9 -9 -9 -9 -9 -9 73 88 89 89 91 84 73 69 78 76 85 79 82 77 83 81 74 85 81 64 60 64 80 84 75 90 92 76 84 67 68 91 81 74 72 72 84 88 90 73 76 81 84 84 87 90 88 94 92 96 96 93 95 88 72 86 95 95 95 90 81
-9 -9 -9 -9 -9 -9 -9 -9 -9 -9 -9 -9 -9 -9 -9 -9 -9 -9 -9 -9 -9 -9 -9 -9 -9 -9 -9 -9 -9 -9 -9 -9 -9 -9 -9 88 88 86 91 89 88 71 72 82 86 76 81 83 80 82 63 74 87 83 71 69 84 91 92 94 93 84 90 91 76 57 60 71 77 89 86 90 92 85 75 79 87 69 87 88 92 94 93 93 96 96 94 85 93 80 87 97 92 95 86 88
-9 -9 -9 -9 -9 -9 -9 -9 -9 -9 -9 -9 -9 -9 -9 -9 -9 -9 -9 -9 -9 -9 -9 -9 -9 -9 -9 -9 -9 -9 -9 -9 -9 -9 91 92 91 83 89 91 82 86 83 82 81 73 75 69 73 75 62 67 62 0 65 75 72 74 73 59 71 62 58 57 0 89 81 88 86 84 90 82 74 77 89 86 67 92 91 90 91 93 91 87 96 95 95 95 88 93 76 97 94 93 92 91
-9 -9 -9 -9 -9 -9 -9 -9 -9 -9 -9 -9 -9 -9 -9 -9 -9 -9 -9 -9 -9 -9 -9 -9 -9 -9 -9 -9 -9 -9 -9 -9 -9 78 84 87 89 90 89 82 72 68 68 79 74 66 72 67 53 53 64 76 87 92 94 94 93 83 76 57 0 0 59 83 60 85 70 72 85 86 72 88 84 91 93 89 91 96 96 94 87 93 88 90 85 92 93 88 95 94 89 95 96 91 94 92
-9 -9 -9 -9 -9 -9 -9 -9 -9 -9 -9 -9 -9 -9 -9 -9 -9 -9 -9 -9 -9 -9 -9 -9 -9 -9 -9 -9 -9 -9 -9 -9 -9 83 86 87 90 84 91 74 67 80 71 75 73 81 76 72 68 61 65 94 86 79 0 0 0 0 0 68 82 81 79 80 77 83 79 81 81 77 68 81 80 87 71 90 95 95 94 94 93 93 95 95 84 96 94 94 94 90 93 75 95 94 95 88
-9 -9 -9 -9 -9 -9 -9 -9 -9 -9 -9 -9 -9 -9 -9 -9 -9 -9 -9 -9 -9 -9 -9 -9 -9 -9 -9 -9 -9 -9 -9 82 82 81 82 78 82 89 78 70 77 79 81 79 78 73 0 60 67 80 85 72 66 73 72 69 73 51 77 82 72 63 54 65 65 72 67 81 84 86 83 81 83 78 80 92 90 93 96 94 91 96 94 92 92 90 93 92 90 95 90 80 91 95 94 83
-9 -9 -9 -9 -9 -9 -9 -9 -9 -9 -9 -9 -9 -9 -9 -9 -9 -9 -9 -9 -9 -9 -9 -9 -9 -9 -9 -9 -9 -9 84 86 84 85 81 72 90 83 56 86 81 86 79 80 65 0 72 88 90 89 89 81 71 69 74 79 80 81 72 52 0 59 78 81 78 71 77 87 88 86 83 86 87 83 77 91 88 91 89 90 84 92 93 94 88 87 87 92 90 95 92 88 87 93 96 92
-9 -9 -9 -9 -9 -9 -9 -9 -9 -9 -9 -9 -9 -9 -9 -9 -9 -9 -9 -9 -9 -9 -9 -9 -9 -9 -9 -9 -9 87 87 79 65 77 91 85 74 73 56 77 73 81 74 52 54 81 82 67 66 64 0 0 55 69 75 57 76 66 54 63 84 84 86 79 75 81 83 89 89 87 87 84 88 90 90 91 84 92 89 88 86 69 64 90 93 92 81 88 91 91 92 92 88 87 93 91
-9 -9 -9 -9 -9 -9 -9 -9 -9 -9 -9 -9 -9 -9 -9 -9 -9 -9 -9 -9 -9 -9 -9 -9 -9 -9 -9 -9 91 85 78 61 63 86 81 76 64 78 78 77 82 71 80 75 77 65 0 0 0 0 0 69 80 71 64 64 53 65 65 83 86 91 85 79 81 77 86 90 91 89 91 93 92 84 91 89 91 93 88 90 84 82 80 91 90 89 80 82 80 91 92 92 89 85 90 91
-9 -9 -9 -9 -9 -9 -9 -9 -9 -9 -9 -9 -9 -9 -9 -9 -9 -9 -9 -9 -9 -9 -9 -9 -9 -9 -9 91 80 83 56 63 74 77 63 68 82 75 77 82 79 86 75 79 60 0 0 0 0 0 0 0 65 56 65 60 70 86 85 85 89 91 87 80 84 84 85 86 91 87 91 90 92 91 88 90 91 90 88 91 89 87 90 82 80 83 77 75 78 88 90 93 90 86 85 92
-9 -9 -9 -9 -9 -9 -9 -9 -9 -9 -9 -9 -9 -9 -9 -9 -9 -9 -9 -9 -9 -9 -9 -9 -9 -9 -9 77 79 70 69 67 72 58 61 72 51 71 76 77 81 70 67 0 0 0 65 70 73 64 69 0 52 76 77 59 68 78 84 90 90 84 84 86 85 86 81 87 88 90 91 90 89 91 89 85 88 89 88 91 88 91 87 81 79 83 85 86 86 86 93 90 87 86 87 84
-9 -9 -9 -9 -9 -9 -9 -9 -9 -9 -9 -9 -9 -9 -9 -9 -9 -9 -9 -9 -9 -9 -9 -9 -9 -9 67 69 68 69 76 74 64 60 72 0 55 74 79 76 55 59 63 58 72 71 72 73 72 60 0 55 79 79 70 73 86 86 89 88 86 87 90 85 86 81 76 75 79 89 89 90 90 87 89 83 86 93 90 90 90 92 90 86 85 86 87 85 89 88 92 90 83 82 85 83
-9 -9 -9 -9 -9 -9 -9 -9 -9 -9 -9 -9 -9 -9 -9 -9 -9 -9 -9 -9 -9 -9 -9 -9 55 60 73 72 68 83 77 74 55 77 0 65 76 84 68 0 0 61 56 71 0 59 73 54 0 0 56 56 81 72 73 78 87 90 81 83 91 90 88 88 86 81 86 80 90 91 89 89 89 89 88 83 87 90 92 92 94 93 92 92 87 86 89 91 88 82 81 90 75 84 86 86
-9 -9 -9 -9 -9 -9 -9 -9 -9 -9 -9 -9 -9 -9 -9 -9 -9 -9 -9 -9 -9 83 78 62 74 70 72 63 82 84 78 78 82 79 80 81 54 74 0 66 81 81 93 70 59 85 0 0 0 0 54 60 57 59 72 87 86 89 87 93 91 92 87 83 83 86 89 90 91 90 90 86 89 84 81 81 73 79 88 90 92 88 87 87 91 88 91 88 90 82 79 86 86 74 78 86
-9 -9 -9 -9 -9 -9 -9 -9 -9 -9 -9 -9 -9 -9 -9 -9 -9 -9 -9 -9 77 63 58 70 75 76 66 70 85 91 79 65 72 77 84 0 63 0 61 80 78 94 67 68 67 0 66 0 59 68 64 66 60 63 84 85 90 92 87 92 91 85 78 77 86 90 90 90 92 90 91 89 90 89 88 64 62 53 76 78 74 79 79 86 92 88 88 88 84 86 81 83 87 83 71 79
-9 -9 -9 -9 -9 -9 -9 -9 -9 -9 -9 -9 -9 -9 -9 -9 -9 -9 -9 66 70 70 63 68 73 70 63 79 88 78 60 62 0 79 0 64 56 0 72 81 80 74 66 52 0 54 74 66 85 73 56 58 64 83 87 93 90 90 87 92 87 73 74 87 92 90 89 91 90 91 91 90 91 91 75 52 0 0 64 56 0 62 76 90 92 83 91 93 88 74 54 56 90 80 77 66
-9 -9 -9 -9 -9 -9 -9 -9 -9 -9 -9 -9 -9 -9 -9 -9 -9 -9 76 77 73 66 73 76 86 77 69 70 0 53 58 70 0 0 71 0 0 57 80 68 67 63 0 0 0 0 0 58 69 0 0 0 84 84 86 77 85 89 88 88 86 79 75 83 86 89 90 90 91 91 90 91 93 86 77 53 59 0 0 0 0 0 62 87 93 82 78 81 64 0 0 0 0 76 66 74
-9 -9 -9 -9 -9 -9 -9 -9 -9 -9 -9 -9 -9 -9 -9 -9 -9 77 73 73 69 69 81 72 81 79 62 0 52 57 62 0 59 68 68 0 0 78 85 59 0 0 54 57 58 0 0 51 0 0 0 68 83 75 76 73 83 87 83 79 79 82 87 86 82 79 83 84 93 93 91 92 95 88 78 81 0 68 66 64 0 62 75 92 93 83 62 52 0 0 0 0 61 70 70 85
-9 -9 -9 -9 -9 -9 -9 -9 -9 -9 -9 -9 -9 -9 -9 -9 -9 70 74 72 73 82 79 75 0 0 52 58 0 0 0 54 62 55 0 0 57 83 0 0 0 0 54 56 55 0 72 81 0 0 0 68 84 76 65 63 74 71 64 58 76 84 83 91 89 90 84 86 88 93 90 93 93 91 86 80 62 75 80 58 59 74 89 93 82 72 59 0 0 0 0 0 57 70 73 85
-9 -9 -9 -9 -9 -9 -9 -9 -9 -9 -9 -9 -9 -9 -9 -9 -9 68 77 73 83 76 74 54 0 0 0 0 0 53 59 68 71 66 0 0 63 0 0 0 53 54 56 64 60 78 71 0 0 53 82 84 85 85 85 74 76 80 70 70 83 74 90 91 88 91 86 92 85 83 82 91 93 94 92 84 76 61 65 74 82 88 91 75 55 60 0 0 0 0 0 68 51 73 83 84
-9 -9 -9 -9 -9 -9 -9 -9 -9 -9 -9 -9 -9 -9 -9 -9 70 76 67 78 60 75 71 0 0 0 0 59 61 68 89 88 66 0 0 0 0 0 0 0 53 55 55 74 81 64 0 0 0 81 88 84 82 88 90 86 87 92 89 91 87 82 88 90 90 91 91 91 86 84 72 88 93 91 93 92 83 61 55 71 91 93 90 0 56 0 0 0 0 0 0 78 62 66 0 0
-9 -9 -9 -9 -9 -9 -9 -9 -9 -9 -9 -9 -9 -9 -9 -9 0 53 77 79 76 0 0 52 55 70 59 66 82 89 78 62 0 0 74 59 0 0 0 55 54 52 71 76 0 0 0 0 78 90 87 83 80 87 90 77 83 88 93 92 92 92 82 80 82 90 91 92 85 85 82 92 83 79 72 89 83 72 70 89 83 0 82 0 0 0 0 0 0 0 55 61 74 80 52 0
-9 -9 -9 -9 -9 -9 -9 -9 -9 -9 -9 -9 -9 -9 -9 -9 -9 58 85 75 72 60 59 69 0 0 0 86 80 66 58 0 61 68 60 0 0 0 0 0 0 72 73 0 0 0 69 88 91 78 76 75 82 86 86 80 89 88 90 90 82 83 75 73 77 91 91 89 91 91 92 87 82 91 73 76 75 71 89 88 0 0 87 0 0 0 0 0 0 57 72 0 81 69 0 0
-9 -9 -9 -9 -9 -9 -9 -9 -9 -9 -9 -9 -9 -9 -9 -9 -9 0 0 0 57 63 58 0 0 52 0 0 0 0 0 0 0 52 0 0 0 0 0 0 71 64 0 0 0 69 86 87 88 86 73 61 83 86 86 87 90 89 91 90 84 80 83 84 74 77 86 92 90 74 72 73 77 78 88 73 62 62 91 0 0 0 82 0 0 0 0 0 71 69 0 62 79 0 0 0
-9 -9 -9 -9 -9 -9 -9 -9 -9 -9 -9 -9 -9 -9 -9 -9 -9 63 71 0 61 0 0 0 62 52 0 0 0 0 57 0 0 0 0 0 0 0 0 70 66 0 0 0 84 90 89 88 87 71 0 73 83 83 87 89 90 88 91 87 83 88 75 85 85 72 87 89 67 68 72 75 86 87 91 67 68 64 80 0 0 0 60 0 0 0 0 0 58 0 0 57 0 0 0 0
-9 -9 -9 -9 -9 -9 -9 -9 -9 -9 -9 -9 -9 -9 -9 -9 72 52 0 67 76 73 0 0 53 0 0 66 77 80 55 0 0 0 0 0 0 0 55 59 0 0 0 81 91 87 90 85 70 0 70 83 75 88 89 91 89 90 85 90 90 81 82 77 75 74 84 87 81 84 78 61 61 60 87 82 0 75 66 0 0 0 69 0 0 0 0 64 0 54 0 0 0 0 0 0
-9 -9 -9 -9 -9 -9 -9 -9 -9 -9 -9 -9 -9 -9 -9 -9 72 56 0 53 51 0 54 66 60 53 64 85 80 0 0 0 0 0 0 0 74 80 68 0 0 0 0 81 89 89 88 80 75 62 78 80 84 89 84 90 91 92 90 89 87 84 85 61 78 78 81 85 69 65 68 62 79 69 63 86 94 73 72 0 0 0 0 0 0 0 0 51 0 0 0 0 0 0 0 0
-9 -9 -9 -9 -9 -9 -9 -9 -9 -9 -9 -9 -9 -9 -9 70 61 0 0 60 0 0 0 0 0 0 74 72 0 0 0 0 0 0 0 75 79 83 82 80 54 76 85 78 82 89 85 83 85 67 82 87 88 91 88 92 91 84 89 92 88 89 84 66 85 78 75 79 89 87 87 82 74 0 0 0 0 62 68 55 0 0 0 0 0 0 0 0 62 0 0 0 0 0 0 0
-9 -9 -9 -9 -9 -9 -9 -9 -9 -9 -9 -9 -9 0 0 0 0 0 67 72 0 0 0 0 0 79 75 0 0 0 0 67 60 56 80 90 88 89 87 66 54 74 86 87 88 83 80 81 82 80 88 87 90 89 91 84 90 87 88 89 55 84 89 78 81 74 76 89 87 85 81 71 61 72 66 55 0 0 0 0 0 0 0 0 0 0 0 0 56 0 0 0 0 0 0 0
-9 -9 -9 -9 -9 -9 -9 -9 -9 -9 -9 -9 0 0 69 0 58 58 64 69 63 58 0 0 62 69 0 0 0 0 64 76 84 82 89 89 86 92 60 0 64 75 87 89 88 88 86 83 77 90 91 86 88 87 90 84 76 73 89 71 0 0 91 77 83 70 78 73 76 82 60 63 0 0 0 0 0 0 0 0 0 0 0 0 58 0 0 0 0 0 0 0 0 0 0 0
-9 -9 -9 -9 -9 -9 -9 -9 -9 -9 -9 0 0 57 0 57 57 66 0 0 0 0 57 68 70 0 0 0 0 64 85 88 82 90 89 90 89 76 56 0 82 88 89 86 77 88 88 84 89 91 89 93 91 89 88 93 90 53 0 0 0 0 64 86 80 75 71 64 62 74 0 0 0 0 0 0 0 0 0 0 0 0 0 0 53 0 0 55 0 0 0 0 0 0 0 0
-9 -9 -9 -9 -9 -9 -9 -9 -9 -9 0 0 57 54 61 57 0 0 0 0 73 71 64 68 0 0 0 0 83 82 79 89 80 90 89 90 82 54 0 77 87 76 81 84 80 83 86 84 91 92 93 90 91 91 93 87 0 0 0 0 0 0 0 91 84 73 68 52 62 62 72 76 0 0 0 0 0 0 0 0 0 53 64 51 79 76 73 54 0 68 0 0 0 0 0 0
-9 -9 -9 -9 -9 -9 -9 -9 -9 0 0 55 61 0 0 0 0 0 0 0 85 0 0 54 51 0 0 0 83 75 89 87 79 90 80 84 65 0 68 87 84 83 81 82 90 86 87 78 90 91 54 0 72 0 52 84 69 64 59 0 0 0 0 63 81 81 75 65 55 65 63 78 0 0 0 0 0 0 0 0 59 0 0 0 0 0 0 0 0 0 55 0 0 0 0 0
-9 -9 -9 -9 -9 -9 -9 59 0 0 61 0 0 0 0 0 0 0 0 0 0 0 60 0 63 0 0 58 86 83 91 83 85 89 80 69 58 58 82 77 72 76 88 89 89 73 82 59 87 89 0 0 0 0 0 64 0 0 0 0 0 0 0 0 0 54 80 69 53 0 63 55 0 0 0 0 0 0 0 52 0 0 0 0 0 0 0 0 0 0 0 0 0 0 0 0
-9 -9 -9 -9 -9 -9 58 0 57 61 0 0 0 0 0 0 0 0 0 0 51 0 61 0 0 0 0 78 86 84 87 86 79 82 81 65 69 84 88 76 71 84 85 78 67 67 74 57 89 51 0 0 0 0 0 0 0 0 0 0 0 0 0 0 0 0 0 59 74 67 0 59 54 0 0 0 0 59 0 0 0 0 0 0 0 0 0 0 0 0 0 0 0 0 0 0
-9 -9 -9 -9 -9 71 54 71 75 0 0 0 0 0 0 0 54 0 0 57 0 52 0 0 0 0 0 85 81 88 87 80 86 84 69 57 86 87 86 71 77 88 79 68 77 81 67 58 85 0 0 0 0 0 59 0 0 0 0 0 73 80 86 86 90 85 82 0 54 72 67 0 0 0 0 0 0 0 0 0 0 0 0 0 0 0 0 0 0 0 0 0 0 0 0 0
-9 -9 -9 -9 -9 69 76 71 0 0 0 0 0 0 0 0 54 0 0 0 0 65 65 0 0 0 66 82 75 71 77 85 87 84 76 71 81 86 86 86 77 75 76 79 72 83 70 59 63 0 81 62 0 0 0 0 0 0 0 82 84 68 62 55 65 86 58 0 0 0 82 67 0 0 0 0 0 0 0 0 0 0 0 0 0 0 0 0 0 0 0 0 0 0 0 0
-9 -9 -9 -9 -9 74 73 0 0 0 0 0 0 0 0 0 0 0 0 0 58 64 57 0 0 0 70 82 80 76 86 86 79 81 79 84 75 81 88 85 82 84 81 78 78 76 81 52 0 81 76 0 0 0 0 0 0 57 85 67 0 0 0 0 0 81 0 0 0 0 84 0 0 0 0 0 0 0 0 0 0 0 58 0 0 0 0 0 0 0 0 0 0 0 0 0
-9 -9 -9 -9 79 63 0 0 0 0 0 0 0 0 57 0 0 0 0 53 65 58 54 0 0 0 0 88 78 83 87 83 64 84 83 82 72 87 87 88 83 84 87 93 88 75 57 0 78 62 0 0 0 0 0 0 0 59 55 0 0 0 0 67 71 0 0 0 0 72 75 0 0 0 0 0 0 0 0 0 0 0 0 0 0 0 0 0 0 0 0 0 0 0 0 0
-9 -9 -9 -9 81 0 0 0 0 0 0 0 0 0 0 0 0 0 0 65 59 63 59 0 0 0 0 79 75 83 81 66 53 79 85 86 72 87 80 78 74 88 51 0 62 73 64 75 0 0 0 0 0 0 0 0 0 63 61 0 0 0 0 0 0 0 0 0 71 69 0 0 0 0 0 0 0 0 0 0 0 0 0 0 0 0 0 0 0 0 0 0 0 0 0 0
-9 -9 -9 -9 55 0 0 0 0 0 0 0 55 0 0 0 0 0 0 66 0 60 53 0 0 0 0 67 73 88 81 55 57 64 62 71 71 84 86 79 81 68 0 0 0 64 75 70 0 0 0 0 0 0 0 0 0 0 63 0 0 0 0 0 0 0 0 58 77 61 0 0 0 0 0 0 0 0 0 0 0 0 0 0 0 0 0 0 0 0 0 0 0 0 0 0
