data/habitatmaps/RK_hsi_mnus_2km_2007.asc
NCOLS 183 
NROWS 114 
XLLCORNER 479000 
YLLCORNER 73000 
CELLSIZE 2000 
NODATA_value -9 
[rows 0 to 71 of 114, columns 0 to 95 of 183]
-9 -9 -9 -9 -9 -9 -9 -9 -9 -9 -9 -9 -9 -9 -9 -9 -9 -9 -9 -9 -9 -9 -9 -9 -9 -9 -9 -9 -9 -9 -9 -9 -9 -9 -9 -9 -9 -9 -9 -9 -9 -9 -9 -9 -9 -9 -9 -9 -9 -9 -9 -9 -9 -9 -9 -9 -9 -9 -9 -9 -9 -9 -9 -9 -9 -9 -9 -9 -9 -9 -9 -9 -9 -9 -9 -9 -9 -9 -9 -9 -9 -9 -9 -9 -9 -9 -9 -9 -9 -9 -9 -9 -9 -9 -9 -9
-9 -9 -9 -9 -9 -9 -9 -9 -9 -9 -9 -9 -9 -9 -9 -9 -9 -9 -9 -9 -9 -9 -9 -9 -9 -9 -9 -9 -9 -9 -9 -9 -9 -9 -9 -9 -9 -9 -9 -9 -9 -9 -9 -9 -9 -9 -9 -9 -9 -9 -9 -9 -9 -9 -9 -9 -9 -9 -9 -9 -9 -9 -9 -9 -9 -9 -9 -9 -9 -9 -9 -9 -9 -9 -9 -9 -9 -9 -9 -9 -9 -9 -9 -9 -9 -9 -9 -9 -9 -9 -9 -9 -9 -9 -9 75
-9 -9 -9 -9 -9 -9 -9 -9 -9 -9 -9 -9 -9 -9 -9 -9 -9 -9 -9 -9 -9 -9 -9 -9 -9 -9 -9 -9 -9 -9 -9 -9 -9 -9 -9 -9 -9 -9 -9 -9 -9 -9 -9 -9 -9 -9 -9 -9 -9 -9 -9 -9 -9 -9 -9 -9 -9 -9 -9 -9 -9 -9 -9 -9 -9 -9 -9 -9 -9 -9 -9 -9 -9 -9 -9 -9 -9 -9 -9 -9 -9 -9 -9 -9 -9 -9 -9 -9 -9 -9 -9 -9 -9 -9 60 63
-9 -9 -9 -9 -9 -9 -9 -9 -9 -9 -9 -9 -9 -9 -9 -9 -9 -9 -9 -9 -9 -9 -9 -9 -9 -9 -9 -9 -9 -9 -9 -9 -9 -9 -9 -9 -9 -9 -9 -9 -9 -9 -9 -9 -9 -9 -9 -9 -9 -9 -9 -9 -9 -9 -9 -9 -9 -9 -9 -9 -9 -9 -9 -9 -9 -9 -9 -9 -9 -9 -9 -9 -9 -9 -9 -9 -9 -9 -9 -9 -9 -9 -9 -9 -9 -9 -9 -9 -9 -9 -9 -9 -9 0 70 67
-9 -9 -9 -9 -9 -9 -9 -9 -9 -9 -9 -9 -9 -9 -9 -9 -9 -9 -9 -9 -9 -9 -9 -9 -9 -9 -9 -9 -9 -9 -9 -9 -9 -9 -9 -9 -9 -9 -9 -9 -9 -9 -9 -9 -9 -9 -9 -9 -9 -9 -9 -9 -9 -9 -9 -9 -9 -9 -9 -9 -9 -9 -9 -9 -9 -9 -9 -9 -9 -9 -9 -9 -9 -9 -9 -9 -9 -9 -9 -9 -9 -9 -9 -9 -9 -9 -9 -9 -9 -9 -9 -9 -9 0 66 73
-9 -9 -9 -9 -9 -9 -9 -9 -9 -9 -9 -9 -9 -9 -9 -9 -9 -9 -9 -9 -9 -9 -9 -9 -9 -9 -9 -9 -9 -9 -9 -9 -9 -9 -9 -9 -9 -9 -9 -9 -9 -9 -9 -9 -9 -9 -9 -9 -9 -9 -9 -9 -9 -9 -9 -9 -9 -9 -9 -9 -9 -9 -9 -9 -9 -9 -9 -9 -9 -9 -9 -9 -9 -9 -9 -9 -9 -9 -9 -9 -9 -9 -9 -9 -9 -9 -9 -9 -9 -9 -9 -9 0 65 71 72
-9 -9 -9 -9 -9 -9 -9 -9 -9 -9 -9 -9 -9 -9 -9 -9 -9 -9 -9 -9 -9 -9 -9 -9 -9 -9 -9 -9 -9 -9 -9 -9 -9 -9 -9 -9 -9 -9 -9 -9 -9 -9 -9 -9 -9 -9 -9 -9 -9 -9 -9 -9 -9 -9 -9 -9 -9 -9 -9 -9 -9 -9 -9 -9 -9 -9 -9 -9 -9 -9 -9 -9 -9 -9 -9 -9 -9 -9 -9 -9 -9 -9 -9 -9 -9 -9 -9 -9 -9 -9 -9 -9 0 70 61 70
-9 -9 -9 -9 -9 -9 -9 -9 -9 -9 -9 -9 -9 -9 -9 -9 -9 -9 -9 -9 -9 -9 -9 -9 -9 -9 -9 -9 -9 -9 -9 -9 -9 -9 -9 -9 -9 -9 -9 -9 -9 -9 -9 -9 -9 -9 -9 -9 -9 -9 -9 -9 -9 -9 -9 -9 -9 -9 -9 -9 -9 -9 -9 -9 -9 -9 -9 -9 -9 -9 -9 -9 -9 -9 -9 -9 -9 -9 -9 -9 -9 -9 -9 -9 -9 -9 -9 -9 -9 0 64 62 76 80 78 76
-9 -9 -9 -9 -9 -9 -9 -9 -9 -9 -9 -9 -9 -9 -9 -9 -9 -9 -9 -9 -9 -9 -9 -9 -9 -9 -9 -9 -9 -9 -9 -9 -9 -9 -9 -9 -9 -9 -9 -9 -9 -9 -9 -9 -9 -9 -9 -9 -9 -9 -9 -9 -9 -9 -9 -9 -9 -9 -9 -9 -9 -9 -9 -9 -9 -9 -9 -9 -9 54 -9 -9 -9 -9 -9 -9 -9 -9 -9 -9 -9 -9 -9 -9 -9 -9 53 70 62 63 68 77 81 81 70 73
-9 -9 -9 -9 -9 -9 -9 -9 -9 -9 -9 -9 -9 -9 -9 -9 -9 -9 -9 -9 -9 -9 -9 -9 -9 -9 -9 -9 -9 -9 -9 -9 -9 -9 -9 -9 -9 -9 -9 -9 -9 -9 -9 -9 -9 -9 -9 -9 -9 -9 -9 -9 -9 -9 -9 -9 -9 -9 -9 -9 -9 -9 -9 -9 -9 77 64 72 74 64 59 72 75 -9 -9 60 64 53 -9 -9 -9 -9 -9 -9 57 72 62 74 69 78 74 79 76 73 75 70
-9 -9 -9 -9 -9 -9 -9 -9 -9 -9 -9 -9 -9 -9 -9 -9 -9 -9 -9 -9 -9 -9 -9 -9 -9 -9 -9 -9 -9 -9 -9 -9 -9 -9 -9 -9 -9 -9 -9 -9 -9 -9 -9 -9 -9 -9 -9 -9 -9 -9 -9 -9 -9 -9 -9 -9 -9 -9 -9 -9 -9 -9 0 0 76 67 52 56 75 80 64 62 61 73 60 70 83 62 53 0 0 -9 67 66 63 66 70 81 83 76 73 66 67 67 74 68
-9 -9 -9 -9 -9 -9 -9 -9 -9 -9 -9 -9 -9 -9 -9 -9 -9 -9 -9 -9 -9 -9 -9 -9 -9 -9 -9 -9 -9 -9 -9 -9 -9 -9 -9 -9 -9 -9 -9 -9 -9 -9 -9 -9 -9 -9 -9 -9 -9 -9 -9 -9 -9 -9 -9 -9 -9 -9 -9 -9 -9 0 0 0 0 0 0 53 69 81 76 79 70 78 79 85 84 72 53 57 59 67 67 71 76 73 82 79 81 76 67 61 65 0 65 81
-9 -9 -9 -9 -9 -9 -9 -9 -9 -9 -9 -9 -9 -9 -9 -9 -9 -9 -9 -9 -9 -9 -9 -9 -9 -9 -9 -9 -9 -9 -9 -9 -9 -9 -9 -9 -9 -9 -9 -9 -9 -9 -9 -9 -9 -9 -9 -9 -9 -9 -9 -9 -9 -9 -9 -9 -9 -9 -9 -9 0 0 0 0 0 0 0 0 82 59 82 86 85 84 90 90 85 79 72 75 71 75 55 63 67 74 80 79 72 60 64 0 0 75 83 86
-9 -9 -9 -9 -9 -9 -9 -9 -9 -9 -9 -9 -9 -9 -9 -9 -9 -9 -9 -9 -9 -9 -9 -9 -9 -9 -9 -9 -9 -9 -9 -9 -9 -9 -9 -9 -9 -9 -9 -9 -9 -9 -9 -9 -9 -9 -9 -9 -9 -9 -9 -9 -9 -9 -9 -9 -9 -9 -9 80 53 0 0 0 0 0 0 76 60 82 64 68 90 85 83 82 78 82 68 73 76 74 76 74 63 73 70 63 0 0 0 64 73 85 79 78
-9 -9 -9 -9 -9 -9 -9 -9 -9 -9 -9 -9 -9 -9 -9 -9 -9 -9 -9 -9 -9 -9 -9 -9 -9 -9 -9 -9 -9 -9 -9 -9 -9 -9 -9 -9 -9 -9 -9 -9 -9 -9 -9 54 67 67 64 66 58 72 0 62 -9 -9 -9 -9 -9 -9 80 81 65 0 0 0 0 0 0 0 0 84 76 63 83 69 54 0 53 74 64 84 78 73 77 75 71 64 54 56 68 76 69 78 63 80 82 88
-9 -9 -9 -9 -9 -9 -9 -9 -9 -9 -9 -9 -9 -9 -9 -9 -9 -9 -9 -9 -9 -9 -9 -9 -9 -9 -9 -9 -9 -9 -9 -9 -9 -9 -9 -9 -9 -9 -9 -9 65 65 57 71 64 67 70 64 58 70 60 59 73 71 63 -9 -9 82 81 82 64 57 0 0 0 0 0 0 51 87 84 62 51 53 0 0 0 0 0 74 78 73 76 78 69 0 73 82 82 72 0 78 78 68 77 82
-9 -9 -9 -9 -9 -9 -9 -9 -9 -9 -9 -9 -9 -9 -9 -9 -9 -9 -9 -9 -9 -9 -9 -9 -9 -9 -9 -9 -9 -9 -9 -9 -9 -9 -9 -9 -9 -9 -9 66 66 54 68 65 59 0 64 61 74 66 78 74 77 79 79 67 82 86 81 82 77 72 58 0 0 0 0 0 81 72 56 73 0 0 0 0 66 53 0 71 55 76 60 69 66 70 77 83 88 78 58 79 78 82 81 79
-9 -9 -9 -9 -9 -9 -9 -9 -9 -9 -9 -9 -9 -9 -9 -9 -9 -9 -9 -9 -9 -9 -9 -9 -9 -9 -9 -9 -9 -9 -9 -9 -9 -9 -9 -9 -9 -9 0 69 62 67 65 71 54 0 0 72 68 74 78 81 76 79 81 80 80 82 84 88 86 74 71 58 51 0 0 0 0 0 0 0 0 55 54 82 86 83 71 54 0 53 69 77 79 74 83 88 86 77 61 84 84 88 86 82
-9 -9 -9 -9 -9 -9 -9 -9 -9 -9 -9 -9 -9 -9 -9 -9 -9 -9 -9 -9 -9 -9 -9 -9 -9 -9 -9 -9 -9 -9 -9 -9 -9 -9 -9 -9 -9 -9 0 60 63 63 76 72 73 73 76 80 75 80 75 81 82 81 86 87 77 81 87 86 87 75 75 78 77 0 0 0 0 0 0 53 75 82 81 89 86 81 88 84 88 81 84 82 89 84 84 82 72 57 66 79 80 84 88 86
-9 -9 -9 -9 -9 -9 -9 -9 -9 -9 -9 -9 -9 -9 -9 -9 -9 -9 -9 -9 -9 -9 -9 -9 -9 -9 -9 -9 -9 -9 -9 -9 -9 -9 -9 -9 -9 -9 56 73 71 74 78 78 73 69 72 81 86 87 84 79 82 88 90 85 78 78 79 83 84 78 77 77 0 77 0 73 68 83 81 82 85 89 84 89 90 90 87 88 89 84 75 85 89 86 85 83 73 72 70 84 81 88 86 89
-9 -9 -9 -9 -9 -9 -9 -9 -9 -9 -9 -9 -9 -9 -9 -9 -9 -9 -9 -9 -9 -9 -9 -9 -9 -9 -9 -9 -9 -9 -9 -9 -9 -9 -9 -9 -9 0 59 69 80 81 86 70 73 80 70 73 70 71 70 65 86 88 86 87 86 87 77 78 77 79 84 67 0 58 0 80 66 73 79 0 65 74 86 89 90 90 87 87 85 82 88 86 82 86 87 86 57 64 54 78 82 89 89 90
-9 -9 -9 -9 -9 -9 -9 -9 -9 -9 -9 -9 -9 -9 -9 -9 -9 -9 -9 -9 -9 -9 -9 -9 -9 -9 -9 -9 -9 -9 -9 -9 -9 -9 -9 -9 -9 52 69 81 87 87 80 80 73 0 76 79 81 80 83 81 87 88 89 87 80 82 78 80 75 89 87 84 82 78 0 78 77 88 79 74 75 83 86 88 87 90 85 79 84 87 90 84 90 88 85 66 74 82 83 90 88 85 89 88
-9 -9 -9 -9 -9 -9 -9 -9 -9 -9 -9 -9 -9 -9 -9 -9 -9 -9 -9 -9 -9 -9 -9 -9 -9 -9 -9 -9 -9 -9 -9 -9 -9 -9 -9 -9 0 60 78 71 78 81 87 87 87 62 63 72 80 74 86 85 88 90 83 71 74 80 87 83 75 70 73 76 75 84 74 86 87 84 81 78 80 80 86 89 85 89 89 90 87 89 91 84 89 86 83 58 81 82 83 84 84 84 87 88
-9 -9 -9 -9 -9 -9 -9 -9 -9 -9 -9 -9 -9 -9 -9 -9 -9 -9 -9 -9 -9 -9 -9 -9 -9 -9 -9 -9 -9 -9 -9 -9 -9 -9 -9 0 80 64 75 70 84 87 86 74 82 67 0 74 88 87 87 85 84 87 85 77 85 80 66 68 70 70 77 78 74 73 73 85 90 87 83 79 82 82 84 82 83 92 92 91 90 82 87 81 89 86 85 77 87 82 83 83 86 90 86 84
-9 -9 -9 -9 -9 -9 -9 -9 -9 -9 -9 -9 -9 -9 -9 -9 -9 -9 -9 -9 -9 -9 -9 -9 -9 -9 -9 -9 -9 -9 -9 -9 -9 -9 74 0 85 83 87 67 85 88 86 77 75 72 73 84 82 83 88 90 87 86 85 89 82 74 69 79 80 74 72 72 81 81 76 81 87 89 83 90 89 87 87 92 92 92 91 75 83 66 74 67 83 79 71 74 81 82 83 74 84 88 90 86
-9 -9 -9 -9 -9 -9 -9 -9 -9 -9 -9 -9 -9 -9 -9 -9 -9 -9 -9 -9 -9 -9 -9 -9 -9 -9 -9 -9 -9 -9 -9 -9 -9 -9 55 63 88 89 87 61 84 86 84 75 75 79 84 87 88 91 90 88 79 90 83 82 76 71 76 76 76 65 71 83 83 88 89 90 91 88 90 91 90 92 91 90 91 85 83 73 78 76 70 76 74 71 69 76 79 82 89 90 81 85 91 89
-9 -9 -9 -9 -9 -9 -9 -9 -9 -9 -9 -9 -9 -9 -9 -9 -9 -9 -9 -9 -9 -9 -9 -9 -9 -9 -9 -9 -9 -9 -9 -9 -9 -9 62 74 84 85 85 87 86 89 86 83 75 86 81 81 82 82 72 85 75 65 76 68 76 79 81 81 75 75 85 87 87 86 89 77 78 84 77 72 88 82 90 85 88 89 71 70 79 79 81 82 83 83 73 83 85 87 81 91 86 59 88 90
-9 -9 -9 -9 -9 -9 -9 -9 -9 -9 -9 -9 -9 -9 -9 -9 -9 -9 -9 -9 -9 -9 -9 -9 -9 -9 -9 -9 -9 -9 -9 -9 -9 64 54 74 74 81 84 66 72 78 78 60 75 73 70 78 79 82 82 85 72 68 75 71 77 76 82 88 80 88 87 87 84 83 85 88 84 75 73 75 84 82 80 82 73 68 73 80 72 63 82 77 80 80 85 84 89 88 85 82 87 83 74 88
-9 -9 -9 -9 -9 -9 -9 -9 -9 -9 -9 -9 -9 -9 -9 -9 -9 -9 -9 -9 -9 -9 -9 -9 -9 -9 -9 -9 -9 -9 -9 -9 -9 -9 0 71 79 75 73 52 72 78 66 69 78 73 84 86 84 88 88 88 85 75 83 83 68 79 84 90 89 91 91 83 69 70 78 85 88 87 86 85 80 87 53 54 64 80 79 85 83 85 76 77 81 85 88 87 86 87 86 82 84 83 75 86
-9 -9 -9 -9 -9 -9 -9 -9 -9 -9 -9 -9 -9 -9 -9 -9 -9 -9 -9 -9 -9 -9 -9 -9 -9 -9 -9 -9 -9 -9 -9 -9 -9 -9 79 57 54 74 56 71 87 81 84 78 81 78 78 83 89 77 88 88 87 88 88 87 89 88 88 88 89 90 88 72 72 60 64 61 67 83 87 85 89 78 72 67 85 83 80 87 87 85 83 85 85 87 90 90 81 82 90 88 89 85 80 78
-9 -9 -9 -9 -9 -9 -9 -9 -9 -9 -9 -9 -9 -9 -9 -9 -9 -9 -9 -9 -9 -9 -9 -9 -9 -9 -9 -9 -9 -9 -9 -9 -9 -9 74 76 66 85 88 87 87 84 72 65 76 82 88 88 77 85 68 58 61 65 64 61 59 58 66 73 71 75 83 65 75 73 83 80 87 88 86 78 67 71 74 82 81 71 68 84 88 89 85 87 89 90 89 89 88 64 86 90 91 86 85 74
-9 -9 -9 -9 -9 -9 -9 -9 -9 -9 -9 -9 -9 -9 -9 -9 -9 -9 -9 -9 -9 -9 -9 -9 -9 -9 -9 -9 -9 -9 -9 -9 -9 -9 -9 68 83 84 84 86 79 68 64 73 71 80 74 77 72 78 76 69 80 76 59 55 59 75 79 70 85 87 71 79 62 63 86 76 69 67 67 79 83 85 68 71 76 79 79 82 85 83 89 87 91 91 88 90 83 67 81 90 90 90 85 76
-9 -9 -9 -9 -9 -9 -9 -9 -9 -9 -9 -9 -9 -9 -9 -9 -9 -9 -9 -9 -9 -9 -9 -9 -9 -9 -9 -9 -9 -9 -9 -9 -9 -9 -9 83 83 81 86 84 83 66 67 77 81 71 76 78 75 77 58 69 82 78 66 64 79 86 87 89 88 79 85 86 71 52 55 66 72 84 81 85 87 80 70 74 82 64 82 83 87 89 88 88 91 91 89 80 88 75 82 92 87 90 81 83
-9 -9 -9 -9 -9 -9 -9 -9 -9 -9 -9 -9 -9 -9 -9 -9 -9 -9 -9 -9 -9 -9 -9 -9 -9 -9 -9 -9 -9 -9 -9 -9 -9 -9 86 87 86 78 84 86 77 81 78 77 76 68 70 64 68 70 57 62 57 0 60 70 67 69 68 54 66 57 53 52 0 84 76 83 81 79 85 77 69 72 84 81 62 87 86 85 86 88 86 82 91 90 90 90 83 88 71 92 89 88 87 86
-9 -9 -9 -9 -9 -9 -9 -9 -9 -9 -9 -9 -9 -9 -9 -9 -9 -9 -9 -9 -9 -9 -9 -9 -9 -9 -9 -9 -9 -9 -9 -9 -9 73 79 82 84 85 84 77 67 63 63 74 69 61 67 62 0 0 59 71 82 87 89 89 88 78 71 52 0 0 54 78 55 80 65 67 80 81 67 83 79 86 88 84 86 91 91 89 82 88 83 85 80 87 88 83 90 89 84 90 91 86 89 87
-9 -9 -9 -9 -9 -9 -9 -9 -9 -9 -9 -9 -9 -9 -9 -9 -9 -9 -9 -9 -9 -9 -9 -9 -9 -9 -9 -9 -9 -9 -9 -9 -9 78 81 82 85 79 86 69 62 75 66 70 68 76 71 67 63 56 60 89 81 74 0 0 0 0 0 63 77 76 74 75 72 78 74 76 76 72 63 76 75 82 66 85 90 90 89 89 88 88 90 90 79 91 89 89 89 85 88 70 90 89 90 83
-9 -9 -9 -9 -9 -9 -9 -9 -9 -9 -9 -9 -9 -9 -9 -9 -9 -9 -9 -9 -9 -9 -9 -9 -9 -9 -9 -9 -9 -9 -9 77 77 76 77 73 77 84 73 65 72 74 76 74 73 68 0 55 62 75 80 67 61 68 67 64 68 0 72 77 67 58 0 60 60 67 62 76 79 81 78 76 78 73 75 87 85 88 91 89 86 91 89 87 87 85 88 87 85 90 85 75 86 90 89 78
-9 -9 -9 -9 -9 -9 -9 -9 -9 -9 -9 -9 -9 -9 -9 -9 -9 -9 -9 -9 -9 -9 -9 -9 -9 -9 -9 -9 -9 -9 79 81 79 80 76 67 85 78 51 81 76 81 74 75 60 0 67 83 85 84 84 76 66 64 69 74 75 76 67 0 0 54 73 76 73 66 72 82 83 81 78 81 82 78 72 86 83 86 84 85 79 87 88 89 83 82 82 87 85 90 87 83 82 88 91 87
-9 -9 -9 -9 -9 -9 -9 -9 -9 -9 -9 -9 -9 -9 -9 -9 -9 -9 -9 -9 -9 -9 -9 -9 -9 -9 -9 -9 -9 82 82 74 60 72 86 80 69 68 51 72 68 76 69 0 0 76 77 62 61 59 0 0 0 64 70 52 71 61 0 58 79 79 81 74 70 76 78 84 84 82 82 79 83 85 85 86 79 87 84 83 81 64 59 85 88 87 76 83 86 86 87 87 83 82 88 86
-9 -9 -9 -9 -9 -9 -9 -9 -9 -9 -9 -9 -9 -9 -9 -9 -9 -9 -9 -9 -9 -9 -9 -9 -9 -9 -9 -9 86 80 73 56 58 81 76 71 59 73 73 72 77 66 75 70 72 60 0 0 0 0 0 64 75 66 59 59 0 60 60 78 81 86 80 74 76 72 81 85 86 84 86 88 87 79 86 84 86 88 83 85 79 77 75 86 85 84 75 77 75 86 87 87 84 80 85 86
-9 -9 -9 -9 -9 -9 -9 -9 -9 -9 -9 -9 -9 -9 -9 -9 -9 -9 -9 -9 -9 -9 -9 -9 -9 -9 -9 86 75 78 0 58 69 72 58 63 77 70 72 77 74 81 70 74 55 0 0 0 0 0 0 0 60 51 60 55 65 81 80 80 84 86 82 75 79 79 80 81 86 82 86 85 87 86 83 85 86 85 83 86 84 82 85 77 75 78 72 70 73 83 85 88 85 81 80 87
-9 -9 -9 -9 -9 -9 -9 -9 -9 -9 -9 -9 -9 -9 -9 -9 -9 -9 -9 -9 -9 -9 -9 -9 -9 -9 -9 72 74 65 64 62 67 53 56 67 0 66 71 72 76 65 62 0 0 0 60 65 68 59 64 0 0 71 72 54 63 73 79 85 85 79 79 81 80 81 76 82 83 85 86 85 84 86 84 80 83 84 83 86 83 86 82 76 74 78 80 81 81 81 88 85 82 81 82 79
-9 -9 -9 -9 -9 -9 -9 -9 -9 -9 -9 -9 -9 -9 -9 -9 -9 -9 -9 -9 -9 -9 -9 -9 -9 -9 62 64 63 64 71 69 59 55 67 0 0 69 74 71 0 54 58 53 67 66 67 68 67 55 0 0 74 74 65 68 81 81 84 83 81 82 85 80 81 76 71 70 74 84 84 85 85 82 84 78 81 88 85 85 85 87 85 81 80 81 82 80 84 83 87 85 78 77 80 78
-9 -9 -9 -9 -9 -9 -9 -9 -9 -9 -9 -9 -9 -9 -9 -9 -9 -9 -9 -9 -9 -9 -9 -9 0 55 68 67 63 78 72 69 0 72 0 60 71 79 63 0 0 56 0 66 0 54 68 0 0 0 0 0 76 67 68 73 82 85 76 78 86 85 83 83 81 76 81 75 85 86 84 84 84 84 83 78 82 85 87 87 89 88 87 87 82 81 84 86 83 77 76 85 70 79 81 81
-9 -9 -9 -9 -9 -9 -9 -9 -9 -9 -9 -9 -9 -9 -9 -9 -9 -9 -9 -9 -9 78 73 57 69 65 67 58 77 79 73 73 77 74 75 76 0 69 0 61 76 76 88 65 54 80 0 0 0 0 0 55 52 54 67 82 81 84 82 88 86 87 82 78 78 81 84 85 86 85 85 81 84 79 76 76 68 74 83 85 87 83 82 82 86 83 86 83 85 77 74 81 81 69 73 81
-9 -9 -9 -9 -9 -9 -9 -9 -9 -9 -9 -9 -9 -9 -9 -9 -9 -9 -9 -9 72 58 53 65 70 71 61 65 80 86 74 60 67 72 79 0 58 0 56 75 73 89 62 63 62 0 61 0 54 63 59 61 55 58 79 80 85 87 82 87 86 80 73 72 81 85 85 85 87 85 86 84 85 84 83 59 57 0 71 73 69 74 74 81 87 83 83 83 79 81 76 78 82 78 66 74
-9 -9 -9 -9 -9 -9 -9 -9 -9 -9 -9 -9 -9 -9 -9 -9 -9 -9 -9 61 65 65 58 63 68 65 58 74 83 73 55 57 0 74 0 59 0 0 67 76 75 69 61 0 0 0 69 61 80 68 0 53 59 78 82 88 85 85 82 87 82 68 69 82 87 85 84 86 85 86 86 85 86 86 70 0 0 0 59 51 0 57 71 85 87 78 86 88 83 69 0 0 85 75 72 61
-9 -9 -9 -9 -9 -9 -9 -9 -9 -9 -9 -9 -9 -9 -9 -9 -9 -9 71 72 68 61 68 71 81 72 64 65 0 0 53 65 0 0 66 0 0 52 75 63 62 58 0 0 0 0 0 53 64 0 0 0 79 79 81 72 80 84 83 83 81 74 70 78 81 84 85 85 86 86 85 86 88 81 72 0 54 0 0 0 0 0 57 82 88 77 73 76 59 0 0 0 0 71 61 69
-9 -9 -9 -9 -9 -9 -9 -9 -9 -9 -9 -9 -9 -9 -9 -9 -9 72 68 68 64 64 76 67 76 74 57 0 0 52 57 0 54 63 63 0 0 73 80 54 0 0 0 52 53 0 0 0 0 0 0 63 78 70 71 68 78 82 78 74 74 77 82 81 77 74 78 79 88 88 86 87 90 83 73 76 0 63 61 59 0 57 70 87 88 78 57 0 0 0 0 0 56 65 65 80
-9 -9 -9 -9 -9 -9 -9 -9 -9 -9 -9 -9 -9 -9 -9 -9 -9 65 69 67 68 77 74 70 0 0 0 53 0 0 0 0 57 0 0 0 52 78 0 0 0 0 0 0 0 0 67 76 0 0 0 63 79 71 60 58 69 66 59 53 71 79 78 86 84 85 79 81 83 88 85 88 88 86 81 75 57 70 75 53 54 69 84 88 77 67 54 0 0 0 0 0 52 65 68 80
-9 -9 -9 -9 -9 -9 -9 -9 -9 -9 -9 -9 -9 -9 -9 -9 -9 63 72 68 78 71 69 0 0 0 0 0 0 0 54 63 66 61 0 0 58 0 0 0 0 0 0 59 55 73 66 0 0 0 77 79 80 80 80 69 71 75 65 65 78 69 85 86 83 86 81 87 80 78 77 86 88 89 87 79 71 56 60 69 77 83 86 70 0 55 0 0 0 0 0 63 0 68 78 79
-9 -9 -9 -9 -9 -9 -9 -9 -9 -9 -9 -9 -9 -9 -9 -9 65 71 62 73 55 70 66 0 0 0 0 54 56 63 84 83 61 0 0 0 0 0 0 0 0 0 0 69 76 59 0 0 0 76 83 79 77 83 85 81 82 87 84 86 82 77 83 85 85 86 86 86 81 79 67 83 88 86 88 87 78 56 0 66 86 88 85 0 0 0 0 0 0 0 0 73 57 61 0 0
-9 -9 -9 -9 -9 -9 -9 -9 -9 -9 -9 -9 -9 -9 -9 -9 0 0 72 74 71 0 0 0 0 65 54 61 77 84 73 57 0 0 69 54 0 0 0 0 0 0 66 71 0 0 0 0 73 85 82 78 75 82 85 72 78 83 88 87 87 87 77 75 77 85 86 87 80 80 77 87 78 74 67 84 78 67 65 84 78 0 77 0 0 0 0 0 0 0 0 56 69 75 0 0
-9 -9 -9 -9 -9 -9 -9 -9 -9 -9 -9 -9 -9 -9 -9 -9 -9 53 80 70 67 55 54 64 0 0 0 81 75 61 53 0 56 63 55 0 0 0 0 0 0 67 68 0 0 0 64 83 86 73 71 70 77 81 81 75 84 83 85 85 77 78 70 68 72 86 86 84 86 86 87 82 77 86 68 71 70 66 84 83 0 0 82 0 0 0 0 0 0 52 67 0 76 64 0 0
-9 -9 -9 -9 -9 -9 -9 -9 -9 -9 -9 -9 -9 -9 -9 -9 -9 0 0 0 52 58 53 0 0 0 0 0 0 0 0 0 0 0 0 0 0 0 0 0 66 59 0 0 0 64 81 82 83 81 68 56 78 81 81 82 85 84 86 85 79 75 78 79 69 72 81 87 85 69 67 68 72 73 83 68 57 57 86 0 0 0 77 0 0 0 0 0 66 64 0 57 74 0 0 0
-9 -9 -9 -9 -9 -9 -9 -9 -9 -9 -9 -9 -9 -9 -9 -9 -9 58 66 0 56 0 0 0 57 0 0 0 0 0 52 0 0 0 0 0 0 0 0 65 61 0 0 0 79 85 84 83 82 66 0 68 78 78 82 84 85 83 86 82 78 83 70 80 80 67 82 84 62 63 67 70 81 82 86 62 63 59 75 0 0 0 55 0 0 0 0 0 53 0 0 52 0 0 0 0
-9 -9 -9 -9 -9 -9 -9 -9 -9 -9 -9 -9 -9 -9 -9 -9 67 0 0 62 71 68 0 0 0 0 0 61 72 75 0 0 0 0 0 0 0 0 0 54 0 0 0 76 86 82 85 80 65 0 65 78 70 83 84 86 84 85 80 85 85 76 77 72 70 69 79 82 76 79 73 56 56 55 82 77 0 70 61 0 0 0 64 0 0 0 0 59 0 0 0 0 0 0 0 0
-9 -9 -9 -9 -9 -9 -9 -9 -9 -9 -9 -9 -9 -9 -9 -9 67 51 0 0 0 0 0 61 55 0 59 80 75 0 0 0 0 0 0 0 69 75 63 0 0 0 0 76 84 84 83 75 70 57 73 75 79 84 79 85 86 87 85 84 82 79 80 56 73 73 76 80 64 60 63 57 74 64 58 81 89 68 67 0 0 0 0 0 0 0 0 0 0 0 0 0 0 0 0 0
-9 -9 -9 -9 -9 -9 -9 -9 -9 -9 -9 -9 -9 -9 -9 65 56 0 0 55 0 0 0 0 0 0 69 67 0 0 0 0 0 0 0 70 74 78 77 75 0 71 80 73 77 84 80 78 80 62 77 82 83 86 83 87 86 79 84 87 83 84 79 61 80 73 70 74 84 82 82 77 69 0 0 0 0 57 63 0 0 0 0 0 0 0 0 0 57 0 0 0 0 0 0 0
-9 -9 -9 -9 -9 -9 -9 -9 -9 -9 -9 -9 -9 0 0 0 0 0 62 67 0 0 0 0 0 74 70 0 0 0 0 62 55 0 75 85 83 84 82 61 0 69 81 82 83 78 75 76 77 75 83 82 85 84 86 79 85 82 83 84 0 79 84 73 76 69 71 84 82 80 76 66 56 67 61 0 0 0 0 0 0 0 0 0 0 0 0 0 0 0 0 0 0 0 0 0
-9 -9 -9 -9 -9 -9 -9 -9 -9 -9 -9 -9 0 0 64 0 53 53 59 64 58 53 0 0 57 64 0 0 0 0 59 71 79 77 84 84 81 87 55 0 59 70 82 84 83 83 81 78 72 85 86 81 83 82 85 79 71 68 84 66 0 0 86 72 78 65 73 68 71 77 55 58 0 0 0 0 0 0 0 0 0 0 0 0 53 0 0 0 0 0 0 0 0 0 0 0
-9 -9 -9 -9 -9 -9 -9 -9 -9 -9 -9 0 0 52 0 52 52 61 0 0 0 0 52 63 65 0 0 0 0 59 80 83 77 85 84 85 84 71 51 0 77 83 84 81 72 83 83 79 84 86 84 88 86 84 83 88 85 0 0 0 0 0 59 81 75 70 66 59 57 69 0 0 0 0 0 0 0 0 0 0 0 0 0 0 0 0 0 0 0 0 0 0 0 0 0 0
-9 -9 -9 -9 -9 -9 -9 -9 -9 -9 0 0 52 0 56 52 0 0 0 0 68 66 59 63 0 0 0 0 78 77 74 84 75 85 84 85 77 0 0 72 82 71 76 79 75 78 81 79 86 87 88 85 86 86 88 82 0 0 0 0 0 0 0 86 79 68 63 0 57 57 67 71 0 0 0 0 0 0 0 0 0 0 59 0 74 71 68 0 0 63 0 0 0 0 0 0
-9 -9 -9 -9 -9 -9 -9 -9 -9 0 0 0 56 0 0 0 0 0 0 0 80 0 0 0 0 0 0 0 78 70 84 82 74 85 75 79 60 0 63 82 79 78 76 77 85 81 82 73 85 86 0 0 67 0 0 79 64 59 54 0 0 0 0 58 76 76 70 60 0 60 58 73 0 0 0 0 0 0 0 0 54 0 0 0 0 0 0 0 0 0 0 0 0 0 0 0
-9 -9 -9 -9 -9 -9 -9 54 0 0 56 0 0 0 0 0 0 0 0 0 0 0 55 0 58 0 0 53 81 78 86 78 80 84 75 64 53 53 77 72 67 71 83 84 84 68 77 54 82 84 0 0 0 0 0 59 0 0 0 0 0 0 0 0 0 0 75 64 0 0 58 0 0 0 0 0 0 0 0 0 0 0 0 0 0 0 0 0 0 0 0 0 0 0 0 0
-9 -9 -9 -9 -9 -9 53 0 52 56 0 0 0 0 0 0 0 0 0 0 0 0 56 0 0 0 0 73 81 79 82 81 74 77 76 60 64 79 83 71 66 79 80 73 62 62 69 52 84 0 0 0 0 0 0 0 0 0 0 0 0 0 0 0 0 0 0 54 69 62 0 54 0 0 0 0 0 54 0 0 0 0 0 0 0 0 0 0 0 0 0 0 0 0 0 0
-9 -9 -9 -9 -9 66 0 66 70 0 0 0 0 0 0 0 0 0 0 52 0 0 0 0 0 0 0 80 76 83 82 75 81 79 64 52 81 82 81 66 72 83 74 63 72 76 62 53 80 0 0 0 0 0 54 0 0 0 0 0 68 75 81 81 85 80 77 0 0 67 62 0 0 0 0 0 0 0 0 0 0 0 0 0 0 0 0 0 0 0 0 0 0 0 0 0
-9 -9 -9 -9 -9 64 71 66 0 0 0 0 0 0 0 0 0 0 0 0 0 60 60 0 0 0 61 77 70 66 72 80 82 79 71 66 76 81 81 81 72 70 71 74 67 78 65 54 58 0 76 57 0 0 0 0 0 0 0 77 79 63 57 0 60 81 53 0 0 0 77 62 0 0 0 0 0 0 0 0 0 0 0 0 0 0 0 0 0 0 0 0 0 0 0 0
-9 -9 -9 -9 -9 69 68 0 0 0 0 0 0 0 0 0 0 0 0 0 53 59 52 0 0 0 65 77 75 71 81 81 74 76 74 79 70 76 83 80 77 79 76 73 73 71 76 0 0 76 71 0 0 0 0 0 0 52 80 62 0 0 0 0 0 76 0 0 0 0 79 0 0 0 0 0 0 0 0 0 0 0 53 0 0 0 0 0 0 0 0 0 0 0 0 0
-9 -9 -9 -9 74 58 0 0 0 0 0 0 0 0 52 0 0 0 0 0 60 53 0 0 0 0 0 83 73 78 82 78 59 79 78 77 67 82 82 83 78 79 82 88 83 70 52 0 73 57 0 0 0 0 0 0 0 54 0 0 0 0 0 62 66 0 0 0 0 67 70 0 0 0 0 0 0 0 0 0 0 0 0 0 0 0 0 0 0 0 0 0 0 0 0 0
-9 -9 -9 -9 76 0 0 0 0 0 0 0 0 0 0 0 0 0 0 60 54 58 54 0 0 0 0 74 70 78 76 61 0 74 80 81 67 82 75 73 69 83 0 0 57 68 59 70 0 0 0 0 0 0 0 0 0 58 56 0 0 0 0 0 0 0 0 0 66 64 0 0 0 0 0 0 0 0 0 0 0 0 0 0 0 0 0 0 0 0 0 0 0 0 0 0
-9 -9 -9 -9 0 0 0 0 0 0 0 0 0 0 0 0 0 0 0 61 0 55 0 0 0 0 0 62 68 83 76 0 52 59 57 66 66 79 81 74 76 63 0 0 0 59 70 65 0 0 0 0 0 0 0 0 0 0 58 0 0 0 0 0 0 0 0 53 72 56 0 0 0 0 0 0 0 0 0 0 0 0 0 0 0 0 0 0 0 0 0 0 0 0 0 0
