data/habitatmaps/RK_hsi_plus_2km_2009.asc
NCOLS 183 
NROWS 114 
XLLCORNER 479000 
YLLCORNER 73000 
CELLSIZE 2000 
NODATA_value -9 
[rows 0 to 70 of 114, columns 0 to 95 of 183]
-9 -9 -9 -9 -9 -9 -9 -9 -9 -9 -9 -9 -9 -9 -9 -9 -9 -9 -9 -9 -9 -9 -9 -9 -9 -9 -9 -9 -9 -9 -9 -9 -9 -9 -9 -9 -9 -9 -9 -9 -9 -9 -9 -9 -9 -9 -9 -9 -9 -9 -9 -9 -9 -9 -9 -9 -9 -9 -9 -9 -9 -9 -9 -9 -9 -9 -9 -9 -9 -9 -9 -9 -9 -9 -9 -9 -9 -9 -9 -9 -9 -9 -9 -9 -9 -9 -9 -9 -9 -9 -9 -9 -9 -9 -9 -9
-9 -9 -9 -9 -9 -9 -9 -9 -9 -9 -9 -9 -9 -9 -9 -9 -9 -9 -9 -9 -9 -9 -9 -9 -9 -9 -9 -9 -9 -9 -9 -9 -9 -9 -9 -9 -9 -9 -9 -9 -9 -9 -9 -9 -9 -9 -9 -9 -9 -9 -9 -9 -9 -9 -9 -9 -9 -9 -9 -9 -9 -9 -9 -9 -9 -9 -9 -9 -9 -9 -9 -9 -9 -9 -9 -9 -9 -9 -9 -9 -9 -9 -9 -9 -9 -9 -9 -9 -9 -9 -9 -9 -9 -9 -9 85
-9 -9 -9 -9 -9 -9 -9 -9 -9 -9 -9 -9 -9 -9 -9 -9 -9 -9 -9 -9 -9 -9 -9 -9 -9 -9 -9 -9 -9 -9 -9 -9 -9 -9 -9 -9 -9 -9 -9 -9 -9 -9 -9 -9 -9 -9 -9 -9 -9 -9 -9 -9 -9 -9 -9 -9 -9 -9 -9 -9 -9 -9 -9 -9 -9 -9 -9 -9 -9 -9 -9 -9 -9 -9 -9 -9 -9 -9 -9 -9 -9 -9 -9 -9 -9 -9 -9 -9 -9 -9 -9 -9 -9 -9 69 74
-9 -9 -9 -9 -9 -9 -9 -9 -9 -9 -9 -9 -9 -9 -9 -9 -9 -9 -9 -9 -9 -9 -9 -9 -9 -9 -9 -9 -9 -9 -9 -9 -9 -9 -9 -9 -9 -9 -9 -9 -9 -9 -9 -9 -9 -9 -9 -9 -9 -9 -9 -9 -9 -9 -9 -9 -9 -9 -9 -9 -9 -9 -9 -9 -9 -9 -9 -9 -9 -9 -9 -9 -9 -9 -9 -9 -9 -9 -9 -9 -9 -9 -9 -9 -9 -9 -9 -9 -9 -9 -9 -9 -9 0 79 77
-9 -9 -9 -9 -9 -9 -9 -9 -9 -9 -9 -9 -9 -9 -9 -9 -9 -9 -9 -9 -9 -9 -9 -9 -9 -9 -9 -9 -9 -9 -9 -9 -9 -9 -9 -9 -9 -9 -9 -9 -9 -9 -9 -9 -9 -9 -9 -9 -9 -9 -9 -9 -9 -9 -9 -9 -9 -9 -9 -9 -9 -9 -9 -9 -9 -9 -9 -9 -9 -9 -9 -9 -9 -9 -9 -9 -9 -9 -9 -9 -9 -9 -9 -9 -9 -9 -9 -9 -9 -9 -9 -9 -9 0 76 82
-9 -9 -9 -9 -9 -9 -9 -9 -9 -9 -9 -9 -9 -9 -9 -9 -9 -9 -9 -9 -9 -9 -9 -9 -9 -9 -9 -9 -9 -9 -9 -9 -9 -9 -9 -9 -9 -9 -9 -9 -9 -9 -9 -9 -9 -9 -9 -9 -9 -9 -9 -9 -9 -9 -9 -9 -9 -9 -9 -9 -9 -9 -9 -9 -9 -9 -9 -9 -9 -9 -9 -9 -9 -9 -9 -9 -9 -9 -9 -9 -9 -9 -9 -9 -9 -9 -9 -9 -9 -9 -9 -9 0 75 81 81
-9 -9 -9 -9 -9 -9 -9 -9 -9 -9 -9 -9 -9 -9 -9 -9 -9 -9 -9 -9 -9 -9 -9 -9 -9 -9 -9 -9 -9 -9 -9 -9 -9 -9 -9 -9 -9 -9 -9 -9 -9 -9 -9 -9 -9 -9 -9 -9 -9 -9 -9 -9 -9 -9 -9 -9 -9 -9 -9 -9 -9 -9 -9 -9 -9 -9 -9 -9 -9 -9 -9 -9 -9 -9 -9 -9 -9 -9 -9 -9 -9 -9 -9 -9 -9 -9 -9 -9 -9 -9 -9 -9 61 80 71 80
-9 -9 -9 -9 -9 -9 -9 -9 -9 -9 -9 -9 -9 -9 -9 -9 -9 -9 -9 -9 -9 -9 -9 -9 -9 -9 -9 -9 -9 -9 -9 -9 -9 -9 -9 -9 -9 -9 -9 -9 -9 -9 -9 -9 -9 -9 -9 -9 -9 -9 -9 -9 -9 -9 -9 -9 -9 -9 -9 -9 -9 -9 -9 -9 -9 -9 -9 -9 -9 -9 -9 -9 -9 -9 -9 -9 -9 -9 -9 -9 -9 -9 -9 -9 -9 -9 -9 -9 -9 52 74 73 86 90 88 86
-9 -9 -9 -9 -9 -9 -9 -9 -9 -9 -9 -9 -9 -9 -9 -9 -9 -9 -9 -9 -9 -9 -9 -9 -9 -9 -9 -9 -9 -9 -9 -9 -9 -9 -9 -9 -9 -9 -9 -9 -9 -9 -9 -9 -9 -9 -9 -9 -9 -9 -9 -9 -9 -9 -9 -9 -9 -9 -9 -9 -9 -9 -9 -9 -9 -9 -9 -9 -9 63 -9 -9 -9 -9 -9 -9 -9 -9 -9 -9 -9 -9 -9 -9 -9 -9 63 79 71 72 77 87 91 91 79 83
-9 -9 -9 -9 -9 -9 -9 -9 -9 -9 -9 -9 -9 -9 -9 -9 -9 -9 -9 -9 -9 -9 -9 -9 -9 -9 -9 -9 -9 -9 -9 -9 -9 -9 -9 -9 -9 -9 -9 -9 -9 -9 -9 -9 -9 -9 -9 -9 -9 -9 -9 -9 -9 -9 -9 -9 -9 -9 -9 -9 -9 -9 -9 -9 -9 87 73 81 84 70 69 83 85 -9 -9 70 74 64 -9 -9 -9 -9 -9 -9 67 82 73 83 79 88 84 89 86 83 85 80
-9 -9 -9 -9 -9 -9 -9 -9 -9 -9 -9 -9 -9 -9 -9 -9 -9 -9 -9 -9 -9 -9 -9 -9 -9 -9 -9 -9 -9 -9 -9 -9 -9 -9 -9 -9 -9 -9 -9 -9 -9 -9 -9 -9 -9 -9 -9 -9 -9 -9 -9 -9 -9 -9 -9 -9 -9 -9 -9 -9 -9 -9 0 0 86 77 61 66 85 84 71 69 71 83 70 80 93 72 65 57 60 -9 77 76 73 75 81 92 93 86 83 77 77 77 85 78
-9 -9 -9 -9 -9 -9 -9 -9 -9 -9 -9 -9 -9 -9 -9 -9 -9 -9 -9 -9 -9 -9 -9 -9 -9 -9 -9 -9 -9 -9 -9 -9 -9 -9 -9 -9 -9 -9 -9 -9 -9 -9 -9 -9 -9 -9 -9 -9 -9 -9 -9 -9 -9 -9 -9 -9 -9 -9 -9 -9 -9 54 0 0 0 0 55 64 79 90 86 89 81 89 90 95 94 82 65 70 71 77 77 81 86 83 92 89 91 86 78 71 74 61 75 91
-9 -9 -9 -9 -9 -9 -9 -9 -9 -9 -9 -9 -9 -9 -9 -9 -9 -9 -9 -9 -9 -9 -9 -9 -9 -9 -9 -9 -9 -9 -9 -9 -9 -9 -9 -9 -9 -9 -9 -9 -9 -9 -9 -9 -9 -9 -9 -9 -9 -9 -9 -9 -9 -9 -9 -9 -9 -9 -9 -9 51 56 55 0 0 0 0 54 92 69 92 96 95 93 100 100 95 89 81 85 81 86 65 74 76 83 90 89 82 70 73 54 60 85 92 96
-9 -9 -9 -9 -9 -9 -9 -9 -9 -9 -9 -9 -9 -9 -9 -9 -9 -9 -9 -9 -9 -9 -9 -9 -9 -9 -9 -9 -9 -9 -9 -9 -9 -9 -9 -9 -9 -9 -9 -9 -9 -9 -9 -9 -9 -9 -9 -9 -9 -9 -9 -9 -9 -9 -9 -9 -9 -9 -9 90 63 60 56 0 0 0 0 87 70 92 75 78 100 95 93 92 88 92 77 83 86 84 86 83 72 83 80 73 56 55 58 74 83 95 89 87
-9 -9 -9 -9 -9 -9 -9 -9 -9 -9 -9 -9 -9 -9 -9 -9 -9 -9 -9 -9 -9 -9 -9 -9 -9 -9 -9 -9 -9 -9 -9 -9 -9 -9 -9 -9 -9 -9 -9 -9 -9 -9 -9 64 77 77 75 76 68 82 0 72 -9 -9 -9 -9 -9 -9 90 91 75 59 55 0 0 0 0 53 53 94 87 73 93 80 67 57 64 83 72 94 88 83 87 85 80 74 65 66 77 86 78 88 73 90 92 98
-9 -9 -9 -9 -9 -9 -9 -9 -9 -9 -9 -9 -9 -9 -9 -9 -9 -9 -9 -9 -9 -9 -9 -9 -9 -9 -9 -9 -9 -9 -9 -9 -9 -9 -9 -9 -9 -9 -9 -9 75 75 68 81 74 77 80 74 68 80 70 68 83 81 73 -9 -9 92 91 92 74 67 60 53 0 0 57 54 61 97 95 73 62 64 0 0 0 58 58 84 88 83 86 88 79 52 84 93 92 82 61 88 88 78 87 92
-9 -9 -9 -9 -9 -9 -9 -9 -9 -9 -9 -9 -9 -9 -9 -9 -9 -9 -9 -9 -9 -9 -9 -9 -9 -9 -9 -9 -9 -9 -9 -9 -9 -9 -9 -9 -9 -9 -9 74 75 65 78 74 69 61 74 71 84 76 88 84 87 89 89 77 92 96 91 92 87 82 68 58 52 0 0 0 91 82 64 83 0 0 0 52 76 62 0 81 65 85 70 79 76 80 88 93 98 88 69 89 88 93 91 90
-9 -9 -9 -9 -9 -9 -9 -9 -9 -9 -9 -9 -9 -9 -9 -9 -9 -9 -9 -9 -9 -9 -9 -9 -9 -9 -9 -9 -9 -9 -9 -9 -9 -9 -9 -9 -9 -9 0 78 71 76 75 81 63 59 55 81 77 84 88 91 86 89 91 90 90 92 94 98 96 84 81 68 61 53 0 56 0 0 0 0 0 65 64 92 96 93 80 63 61 64 79 87 90 84 93 98 97 88 73 94 94 98 96 93
-9 -9 -9 -9 -9 -9 -9 -9 -9 -9 -9 -9 -9 -9 -9 -9 -9 -9 -9 -9 -9 -9 -9 -9 -9 -9 -9 -9 -9 -9 -9 -9 -9 -9 -9 -9 -9 -9 0 69 73 73 86 82 83 83 86 90 85 90 85 91 92 91 96 97 87 91 97 96 97 85 85 88 87 0 59 54 59 0 0 64 85 92 91 99 97 91 98 94 98 91 94 92 99 94 95 92 83 69 79 89 90 94 98 96
-9 -9 -9 -9 -9 -9 -9 -9 -9 -9 -9 -9 -9 -9 -9 -9 -9 -9 -9 -9 -9 -9 -9 -9 -9 -9 -9 -9 -9 -9 -9 -9 -9 -9 -9 -9 -9 -9 66 83 81 84 88 88 83 79 82 91 96 97 94 89 92 98 100 95 88 88 89 93 94 88 88 87 60 89 53 85 80 93 91 92 95 99 94 100 100 100 97 98 99 94 85 96 99 97 96 93 83 82 80 95 92 98 96 99
-9 -9 -9 -9 -9 -9 -9 -9 -9 -9 -9 -9 -9 -9 -9 -9 -9 -9 -9 -9 -9 -9 -9 -9 -9 -9 -9 -9 -9 -9 -9 -9 -9 -9 -9 -9 -9 0 70 79 90 91 96 80 83 90 80 83 79 81 80 75 96 98 96 97 97 97 87 88 87 89 94 77 51 68 0 90 77 84 90 61 75 84 96 99 100 100 98 97 95 92 98 97 93 97 97 96 67 74 64 89 93 99 99 100
-9 -9 -9 -9 -9 -9 -9 -9 -9 -9 -9 -9 -9 -9 -9 -9 -9 -9 -9 -9 -9 -9 -9 -9 -9 -9 -9 -9 -9 -9 -9 -9 -9 -9 -9 -9 -9 62 79 91 97 97 91 89 83 53 86 89 91 90 93 91 97 98 99 97 90 92 88 90 85 99 97 94 92 88 54 88 87 98 89 84 85 94 96 98 97 100 96 89 94 97 100 94 100 98 95 76 84 91 94 100 98 94 99 98
-9 -9 -9 -9 -9 -9 -9 -9 -9 -9 -9 -9 -9 -9 -9 -9 -9 -9 -9 -9 -9 -9 -9 -9 -9 -9 -9 -9 -9 -9 -9 -9 -9 -9 -9 -9 60 70 88 81 88 91 97 97 97 73 74 83 90 84 96 95 98 100 93 80 83 90 97 93 85 80 83 86 85 94 85 97 97 94 91 89 91 91 97 99 96 99 99 100 98 99 100 94 99 96 93 68 91 92 93 94 93 94 97 98
-9 -9 -9 -9 -9 -9 -9 -9 -9 -9 -9 -9 -9 -9 -9 -9 -9 -9 -9 -9 -9 -9 -9 -9 -9 -9 -9 -9 -9 -9 -9 -9 -9 -9 -9 59 89 74 85 80 94 97 96 84 93 80 63 85 98 97 97 95 94 97 95 86 94 90 75 76 80 80 87 89 85 83 84 96 100 97 93 90 93 92 94 93 93 100 100 100 100 92 97 91 99 96 95 87 97 92 94 93 96 100 96 94
-9 -9 -9 -9 -9 -9 -9 -9 -9 -9 -9 -9 -9 -9 -9 -9 -9 -9 -9 -9 -9 -9 -9 -9 -9 -9 -9 -9 -9 -9 -9 -9 -9 -9 84 0 94 93 97 77 95 98 95 87 85 84 85 94 93 93 98 100 97 96 96 99 92 84 79 88 90 84 82 83 91 92 88 93 97 99 94 100 99 97 98 100 100 100 100 86 94 77 84 77 93 90 82 84 91 92 93 84 94 98 100 96
-9 -9 -9 -9 -9 -9 -9 -9 -9 -9 -9 -9 -9 -9 -9 -9 -9 -9 -9 -9 -9 -9 -9 -9 -9 -9 -9 -9 -9 -9 -9 -9 -9 -9 65 72 98 99 97 71 94 96 94 85 87 91 95 97 98 100 100 98 89 100 93 93 86 81 86 86 87 75 81 93 93 98 99 100 100 98 100 100 100 100 100 100 100 95 93 83 88 86 80 87 85 82 80 87 91 93 99 100 91 95 100 99
-9 -9 -9 -9 -9 -9 -9 -9 -9 -9 -9 -9 -9 -9 -9 -9 -9 -9 -9 -9 -9 -9 -9 -9 -9 -9 -9 -9 -9 -9 -9 -9 -9 -9 72 84 94 95 95 97 97 99 96 93 85 97 91 92 94 92 82 94 86 77 87 79 87 89 91 90 85 84 95 97 97 96 99 87 89 94 86 83 99 92 100 95 98 99 81 80 89 89 91 92 94 94 83 94 96 97 92 100 96 71 99 100
-9 -9 -9 -9 -9 -9 -9 -9 -9 -9 -9 -9 -9 -9 -9 -9 -9 -9 -9 -9 -9 -9 -9 -9 -9 -9 -9 -9 -9 -9 -9 -9 -9 74 64 84 84 91 94 76 82 89 89 71 86 84 80 88 89 92 92 96 83 79 87 82 87 87 92 98 89 98 97 97 94 94 96 98 94 85 82 84 94 92 90 92 83 77 83 90 81 73 92 87 91 92 96 94 98 97 94 93 98 90 86 100
-9 -9 -9 -9 -9 -9 -9 -9 -9 -9 -9 -9 -9 -9 -9 -9 -9 -9 -9 -9 -9 -9 -9 -9 -9 -9 -9 -9 -9 -9 -9 -9 -9 -9 61 81 89 85 83 62 81 88 76 79 88 82 94 95 94 98 98 98 96 86 94 94 79 90 94 100 99 100 100 93 78 81 88 95 97 98 96 95 90 97 63 64 75 91 90 95 93 95 86 87 92 96 98 97 97 98 97 94 95 92 84 96
-9 -9 -9 -9 -9 -9 -9 -9 -9 -9 -9 -9 -9 -9 -9 -9 -9 -9 -9 -9 -9 -9 -9 -9 -9 -9 -9 -9 -9 -9 -9 -9 -9 -9 89 67 64 84 66 81 97 88 94 88 90 89 89 93 99 88 98 98 97 98 98 98 99 98 97 98 99 100 98 82 82 71 75 72 78 93 97 95 99 88 82 77 95 93 91 97 97 95 93 96 95 97 100 100 92 93 100 99 100 96 90 89
-9 -9 -9 -9 -9 -9 -9 -9 -9 -9 -9 -9 -9 -9 -9 -9 -9 -9 -9 -9 -9 -9 -9 -9 -9 -9 -9 -9 -9 -9 -9 -9 -9 -9 84 86 76 95 98 97 97 94 82 75 87 91 98 98 87 95 79 68 71 75 73 71 69 69 75 83 81 85 93 75 86 83 93 90 98 98 96 88 77 81 84 92 92 82 79 95 99 99 96 97 99 100 100 100 99 75 97 100 100 96 96 85
-9 -9 -9 -9 -9 -9 -9 -9 -9 -9 -9 -9 -9 -9 -9 -9 -9 -9 -9 -9 -9 -9 -9 -9 -9 -9 -9 -9 -9 -9 -9 -9 -9 -9 -9 78 93 94 94 96 89 77 73 83 83 91 85 87 81 88 86 80 90 86 68 65 70 86 89 81 96 97 81 90 72 73 96 87 79 76 77 89 93 95 79 82 86 89 88 94 95 94 100 97 100 100 99 100 95 78 92 100 100 100 96 88
-9 -9 -9 -9 -9 -9 -9 -9 -9 -9 -9 -9 -9 -9 -9 -9 -9 -9 -9 -9 -9 -9 -9 -9 -9 -9 -9 -9 -9 -9 -9 -9 -9 -9 -9 93 93 91 95 95 93 76 78 87 91 82 87 88 86 87 67 79 91 88 75 74 89 96 98 99 98 89 95 96 81 63 65 77 83 94 91 94 97 90 80 84 92 74 92 94 97 100 98 99 100 100 100 91 99 85 92 100 98 100 93 94
-9 -9 -9 -9 -9 -9 -9 -9 -9 -9 -9 -9 -9 -9 -9 -9 -9 -9 -9 -9 -9 -9 -9 -9 -9 -9 -9 -9 -9 -9 -9 -9 -9 -9 96 97 96 87 94 96 87 91 89 88 87 80 81 76 80 81 67 74 68 57 70 80 77 79 79 64 76 67 63 62 55 95 87 94 91 89 96 85 79 82 94 91 72 97 96 95 97 98 97 93 100 100 100 100 94 98 82 100 99 99 98 97
-9 -9 -9 -9 -9 -9 -9 -9 -9 -9 -9 -9 -9 -9 -9 -9 -9 -9 -9 -9 -9 -9 -9 -9 -9 -9 -9 -9 -9 -9 -9 -9 -9 83 88 92 94 95 94 87 77 73 74 85 79 74 77 74 61 64 69 81 92 97 99 99 98 88 81 62 0 0 65 89 65 90 76 78 90 92 77 93 89 96 98 94 97 100 100 99 94 99 94 96 91 98 99 95 100 99 94 100 100 97 100 98
-9 -9 -9 -9 -9 -9 -9 -9 -9 -9 -9 -9 -9 -9 -9 -9 -9 -9 -9 -9 -9 -9 -9 -9 -9 -9 -9 -9 -9 -9 -9 -9 -9 88 91 92 95 89 96 79 72 85 76 82 78 84 82 78 73 69 72 99 92 86 0 0 0 52 0 73 88 86 84 85 82 88 85 87 87 82 74 87 86 92 77 96 100 100 100 99 99 99 100 100 90 100 100 100 100 97 98 80 100 99 100 94
-9 -9 -9 -9 -9 -9 -9 -9 -9 -9 -9 -9 -9 -9 -9 -9 -9 -9 -9 -9 -9 -9 -9 -9 -9 -9 -9 -9 -9 -9 -9 87 87 86 87 83 88 94 82 75 80 85 85 86 81 76 0 65 73 85 91 76 71 79 80 76 79 56 82 89 79 69 59 70 69 77 72 86 89 91 88 87 89 83 86 98 96 99 100 99 97 100 100 98 97 96 99 99 96 100 96 85 96 100 100 88
-9 -9 -9 -9 -9 -9 -9 -9 -9 -9 -9 -9 -9 -9 -9 -9 -9 -9 -9 -9 -9 -9 -9 -9 -9 -9 -9 -9 -9 -9 89 91 89 90 86 77 95 88 61 91 86 91 85 85 68 0 77 93 95 95 94 86 77 76 81 85 85 86 77 59 0 66 83 86 83 76 83 92 93 91 89 93 92 89 83 96 94 97 94 95 90 97 99 99 94 92 93 97 96 100 98 93 92 98 100 97
-9 -9 -9 -9 -9 -9 -9 -9 -9 -9 -9 -9 -9 -9 -9 -9 -9 -9 -9 -9 -9 -9 -9 -9 -9 -9 -9 -9 -9 92 92 84 70 83 96 90 79 78 62 83 80 86 79 58 60 86 87 72 71 70 0 0 60 75 80 63 81 71 59 70 90 89 92 84 80 86 88 94 94 92 92 91 94 95 96 97 91 97 95 94 91 77 71 96 99 98 86 93 97 97 97 97 93 92 98 96
-9 -9 -9 -9 -9 -9 -9 -9 -9 -9 -9 -9 -9 -9 -9 -9 -9 -9 -9 -9 -9 -9 -9 -9 -9 -9 -9 -9 96 90 82 67 68 91 86 81 68 84 82 80 87 77 87 81 82 72 0 0 0 0 57 77 85 76 69 70 57 69 70 89 92 97 91 85 86 82 91 95 96 94 96 98 98 90 97 96 97 98 93 95 89 88 87 96 97 95 85 87 87 97 97 97 95 91 95 96
-9 -9 -9 -9 -9 -9 -9 -9 -9 -9 -9 -9 -9 -9 -9 -9 -9 -9 -9 -9 -9 -9 -9 -9 -9 -9 -9 96 85 88 61 68 79 82 68 73 88 82 83 86 82 92 81 86 70 0 0 0 0 0 52 52 70 62 70 65 73 90 90 91 95 97 93 85 89 90 90 91 96 93 97 96 98 97 94 96 97 95 93 96 94 93 96 88 87 90 83 80 85 94 96 98 95 91 90 97
-9 -9 -9 -9 -9 -9 -9 -9 -9 -9 -9 -9 -9 -9 -9 -9 -9 -9 -9 -9 -9 -9 -9 -9 -9 -9 -9 82 83 74 74 72 77 62 66 78 59 78 82 82 86 76 72 0 0 0 70 75 78 69 74 0 57 82 82 65 73 83 89 95 95 89 89 91 90 91 86 92 94 96 97 97 95 98 95 91 93 96 93 97 94 97 93 87 85 90 90 91 92 93 99 96 92 91 92 89
-9 -9 -9 -9 -9 -9 -9 -9 -9 -9 -9 -9 -9 -9 -9 -9 -9 -9 -9 -9 -9 -9 -9 -9 -9 -9 72 74 72 74 81 79 69 65 78 0 63 80 84 80 61 66 70 63 78 77 77 79 77 65 0 60 84 84 76 79 92 92 93 92 91 92 95 90 91 86 81 80 84 95 95 97 97 94 95 89 93 98 96 96 96 98 95 92 91 92 92 91 96 94 97 96 88 87 91 88
-9 -9 -9 -9 -9 -9 -9 -9 -9 -9 -9 -9 -9 -9 -9 -9 -9 -9 -9 -9 -9 -9 -9 -9 60 65 78 77 73 88 82 79 60 82 54 71 83 89 72 0 0 68 61 76 55 64 78 58 0 0 61 61 86 77 78 84 94 96 85 87 96 95 93 93 90 87 91 85 96 97 96 95 95 96 96 91 94 96 98 98 99 99 97 97 92 91 95 96 95 88 87 95 80 89 92 92
-9 -9 -9 -9 -9 -9 -9 -9 -9 -9 -9 -9 -9 -9 -9 -9 -9 -9 -9 -9 -9 87 83 67 78 75 77 68 87 90 83 83 87 84 85 87 59 79 0 71 86 86 98 75 63 90 0 0 52 54 59 65 62 63 76 92 92 95 92 97 95 97 92 88 88 91 94 96 97 97 96 93 95 92 89 88 80 84 94 96 98 94 93 93 96 93 96 94 95 87 84 91 91 79 84 92
-9 -9 -9 -9 -9 -9 -9 -9 -9 -9 -9 -9 -9 -9 -9 -9 -9 -9 -9 -9 82 68 63 75 80 81 71 75 90 96 84 70 77 80 90 54 68 53 66 85 84 99 72 72 70 0 70 0 64 73 69 71 63 69 89 92 96 97 92 96 95 89 82 82 92 95 96 95 98 97 97 96 96 96 94 70 67 58 82 85 84 85 84 91 97 93 93 93 89 92 86 88 92 88 76 84
-9 -9 -9 -9 -9 -9 -9 -9 -9 -9 -9 -9 -9 -9 -9 -9 -9 -9 -9 71 75 75 68 73 78 75 68 84 93 83 64 66 54 83 0 68 59 0 77 88 85 79 71 56 0 59 79 71 91 78 63 63 69 88 93 99 97 96 92 96 91 76 78 92 98 96 95 97 95 97 97 96 98 97 81 57 57 59 73 62 0 67 81 95 97 88 96 98 93 79 60 66 96 85 82 71
-9 -9 -9 -9 -9 -9 -9 -9 -9 -9 -9 -9 -9 -9 -9 -9 -9 -9 81 82 78 71 78 81 91 82 74 75 54 57 62 75 0 0 77 53 0 62 85 74 72 68 0 0 0 0 0 62 75 56 0 52 88 90 91 83 91 94 93 93 91 83 80 89 93 95 96 97 97 96 95 97 99 93 83 58 66 0 0 0 0 53 67 92 98 86 82 86 69 57 0 0 60 81 71 79
-9 -9 -9 -9 -9 -9 -9 -9 -9 -9 -9 -9 -9 -9 -9 -9 -9 81 78 78 74 74 86 77 85 85 68 0 58 59 67 0 65 73 73 0 54 82 90 64 0 0 59 62 63 55 0 56 56 0 0 73 88 79 81 78 88 92 88 84 83 87 92 92 88 86 90 91 98 98 97 98 100 95 84 86 0 72 74 68 0 68 80 97 98 88 67 57 0 0 0 0 67 76 75 89
-9 -9 -9 -9 -9 -9 -9 -9 -9 -9 -9 -9 -9 -9 -9 -9 -9 75 79 77 78 87 84 79 0 0 56 61 53 0 0 62 71 60 0 0 62 88 0 0 0 55 59 61 60 0 77 86 0 0 0 73 89 80 69 67 79 76 69 63 81 89 88 97 94 96 91 92 93 98 96 98 98 97 91 85 67 80 85 63 66 80 94 98 87 77 64 0 0 0 0 0 63 75 77 90
-9 -9 -9 -9 -9 -9 -9 -9 -9 -9 -9 -9 -9 -9 -9 -9 -9 73 81 77 88 81 79 59 0 0 0 0 52 60 67 74 77 71 0 0 68 0 0 0 58 59 61 69 65 82 74 0 0 59 89 89 90 90 90 80 81 85 76 76 88 79 95 96 93 96 91 97 90 89 88 97 98 99 97 89 81 67 71 79 87 93 96 80 60 65 0 0 0 0 60 75 56 77 87 89
-9 -9 -9 -9 -9 -9 -9 -9 -9 -9 -9 -9 -9 -9 -9 -9 75 81 71 82 62 79 76 0 0 52 55 64 67 74 94 93 71 0 0 54 54 0 0 0 58 61 60 82 87 68 0 0 0 88 94 91 87 93 95 91 92 97 94 96 92 88 93 95 95 96 96 96 93 92 79 93 98 96 98 97 89 70 63 76 96 98 95 0 61 0 0 0 0 0 0 82 67 69 0 0
-9 -9 -9 -9 -9 -9 -9 -9 -9 -9 -9 -9 -9 -9 -9 -9 54 58 82 84 81 0 0 56 59 76 64 71 87 94 83 67 0 0 79 64 0 0 0 60 59 56 76 80 0 0 0 0 85 96 93 87 83 93 95 75 88 95 98 97 98 97 88 85 87 95 96 98 92 92 87 97 88 84 76 94 89 83 78 94 88 0 85 53 0 0 0 0 0 0 59 66 78 85 57 0
-9 -9 -9 -9 -9 -9 -9 -9 -9 -9 -9 -9 -9 -9 -9 -9 -9 63 90 80 77 65 63 72 0 0 0 91 85 73 62 0 66 73 65 0 0 0 55 54 0 78 79 0 0 0 76 94 97 85 82 81 85 91 91 85 94 94 95 95 88 89 81 78 83 97 97 96 97 96 98 93 87 96 78 81 80 77 95 94 0 0 92 0 0 0 0 0 0 61 77 0 86 74 0 0
-9 -9 -9 -9 -9 -9 -9 -9 -9 -9 -9 -9 -9 -9 -9 -9 -9 0 0 55 62 68 63 0 52 55 0 0 0 0 0 0 0 57 0 0 0 53 0 0 76 69 0 0 0 76 93 93 95 92 80 66 88 91 91 92 95 94 96 96 91 86 89 90 80 83 92 98 96 80 80 79 82 82 93 78 67 67 96 0 0 0 88 0 0 0 0 52 76 74 0 67 85 0 0 0
-9 -9 -9 -9 -9 -9 -9 -9 -9 -9 -9 -9 -9 -9 -9 -9 -9 68 76 0 66 0 52 0 68 56 0 0 0 56 65 0 51 0 0 0 51 0 0 76 71 0 0 54 91 96 96 95 93 77 51 79 89 88 92 94 95 93 96 94 91 94 80 91 91 78 93 94 72 74 77 80 91 92 96 72 73 69 85 0 0 0 65 0 0 0 0 0 63 0 0 62 0 0 0 55
-9 -9 -9 -9 -9 -9 -9 -9 -9 -9 -9 -9 -9 -9 -9 -9 77 57 0 71 81 78 0 0 58 0 0 71 82 85 61 0 0 0 0 51 0 0 62 67 0 0 0 88 97 93 96 91 76 55 75 89 80 93 94 96 94 96 91 97 96 88 87 83 82 80 90 92 87 89 83 66 66 66 92 86 55 80 70 0 0 0 74 0 0 0 0 70 53 59 0 0 0 51 0 0
-9 -9 -9 -9 -9 -9 -9 -9 -9 -9 -9 -9 -9 -9 -9 -9 77 61 53 58 56 54 59 71 65 60 69 90 85 0 0 0 0 0 0 0 79 85 73 0 51 0 56 89 95 95 94 86 80 68 83 87 90 95 89 95 96 98 96 96 93 91 91 67 85 84 87 91 77 74 76 69 84 74 68 91 98 78 76 0 0 0 0 54 0 0 0 58 53 0 0 0 0 0 0 0
-9 -9 -9 -9 -9 -9 -9 -9 -9 -9 -9 -9 -9 -9 -9 75 66 0 0 65 0 0 0 0 0 0 79 77 53 0 0 0 0 0 0 81 83 89 88 85 59 81 91 85 88 95 90 89 91 73 88 92 94 96 93 97 96 89 94 98 93 94 89 72 91 84 82 85 95 93 93 87 78 0 0 0 54 67 72 61 0 0 0 0 0 0 0 0 67 0 0 0 0 0 0 0
-9 -9 -9 -9 -9 -9 -9 -9 -9 -9 -9 -9 -9 0 0 0 53 0 72 77 0 0 0 0 0 84 80 55 0 0 0 71 65 61 86 96 94 95 92 71 60 80 90 92 93 89 88 87 87 86 94 93 96 94 96 89 95 92 93 95 60 90 94 84 88 81 82 94 92 92 87 76 66 77 71 60 0 0 0 0 0 0 0 0 0 0 0 0 61 0 0 0 0 0 0 0
-9 -9 -9 -9 -9 -9 -9 -9 -9 -9 -9 -9 0 0 74 0 63 63 69 74 68 63 0 0 67 75 53 0 0 0 69 81 90 89 94 94 92 97 66 54 70 81 92 95 92 94 92 88 84 95 97 92 93 92 95 89 80 78 93 78 0 0 95 83 91 77 84 78 81 88 65 68 0 0 0 0 0 0 0 0 0 0 0 54 62 0 0 0 0 0 0 0 0 0 0 0
-9 -9 -9 -9 -9 -9 -9 -9 -9 -9 -9 0 0 62 55 62 62 71 55 0 0 0 63 73 76 0 0 0 0 69 90 93 88 95 94 95 95 82 63 51 87 94 94 92 83 93 93 89 94 97 95 98 97 95 94 98 95 60 0 0 0 0 68 91 88 82 76 70 67 79 0 0 0 0 0 0 0 0 0 0 0 0 0 0 58 0 58 58 56 0 0 0 0 0 0 0
-9 -9 -9 -9 -9 -9 -9 -9 -9 -9 0 0 62 59 66 62 54 0 0 0 78 76 69 73 0 0 0 0 88 87 84 94 85 95 94 96 88 60 0 83 92 81 86 89 85 88 91 89 96 98 99 95 96 96 98 93 0 0 0 0 0 0 0 96 90 76 74 57 67 67 77 80 0 0 0 0 0 0 0 0 0 59 69 58 84 81 79 60 0 73 0 0 0 0 0 0
-9 -9 -9 -9 -9 -9 -9 -9 -9 0 0 60 66 0 0 0 0 0 0 52 90 0 0 62 57 0 0 0 88 79 94 92 85 95 85 90 72 54 74 92 90 89 87 85 95 91 93 83 96 97 59 0 75 0 61 89 72 69 61 0 0 0 0 68 87 84 81 71 60 70 68 83 0 0 0 0 0 0 0 0 64 55 0 0 0 0 0 0 0 0 60 53 0 0 0 0
-9 -9 -9 -9 -9 -9 -9 64 0 0 66 0 0 0 0 0 0 0 0 0 0 0 65 56 68 0 0 64 90 88 96 88 90 94 85 75 63 63 87 82 77 81 94 94 94 80 89 64 93 94 0 0 0 0 0 69 0 0 0 0 0 0 0 0 0 59 85 74 59 56 68 59 0 0 0 0 0 0 53 58 0 0 0 0 0 0 0 0 0 0 0 0 0 0 0 0
-9 -9 -9 -9 -9 -9 63 0 62 66 53 0 0 0 0 0 0 0 0 55 56 0 66 0 56 0 0 85 91 89 92 91 84 87 86 69 74 89 93 81 76 89 90 83 74 73 80 62 94 56 0 0 0 0 0 0 0 0 0 0 0 0 0 0 0 0 0 63 80 72 0 64 59 54 0 0 0 64 0 0 0 0 0 0 0 0 0 0 0 0 0 0 0 0 0 0
-9 -9 -9 -9 -9 76 59 76 80 0 0 0 0 0 0 55 60 53 0 62 0 58 0 56 0 0 54 90 87 93 92 85 91 89 74 62 91 92 91 76 82 93 84 75 81 85 72 62 90 0 0 0 0 0 63 0 0 0 0 0 78 85 91 92 95 90 87 52 58 77 72 53 0 0 0 0 0 0 0 0 0 0 0 0 0 0 0 0 0 0 0 0 0 0 0 0
-9 -9 -9 -9 -9 74 81 76 0 0 0 0 0 0 0 51 59 0 0 0 0 71 71 55 0 0 71 88 82 76 82 90 92 89 81 76 86 91 91 91 82 80 81 84 77 86 75 64 64 0 86 66 0 0 0 0 0 0 0 87 89 73 66 61 69 91 63 0 0 0 87 72 0 0 0 0 0 0 0 0 0 0 0 0 0 0 0 0 0 0 0 0 0 0 0 0
-9 -9 -9 -9 -9 79 78 0 0 0 0 0 0 0 0 0 0 0 0 0 64 70 63 0 55 0 74 88 87 81 91 91 85 86 84 89 80 86 93 92 88 89 85 83 82 81 86 57 51 86 80 0 0 0 0 0 0 61 90 73 0 0 0 0 0 86 0 0 0 0 89 52 0 0 0 0 0 0 0 0 0 0 64 0 0 0 0 0 0 0 0 0 0 0 0 0
-9 -9 -9 -9 83 68 0 0 0 0 0 0 0 54 63 0 0 0 0 58 70 64 59 0 53 0 53 93 83 88 93 89 70 90 88 87 77 92 92 94 90 88 92 98 93 80 62 51 84 68 55 0 0 0 0 0 0 65 63 0 0 0 0 72 75 0 0 0 0 76 80 0 0 0 0 0 0 0 0 0 0 0 0 0 0 0 0 0 0 0 0 0 0 0 0 0
-9 -9 -9 -9 86 0 0 0 0 0 0 0 0 52 0 0 0 0 0 70 63 67 64 51 0 0 51 84 80 88 87 72 58 84 90 91 77 92 84 84 79 93 55 0 68 78 69 80 0 0 0 0 0 0 0 0 0 68 69 0 0 0 0 0 0 0 0 0 76 71 0 53 0 0 0 0 0 0 0 0 0 0 0 0 0 0 0 0 0 0 0 0 0 0 0 0
