data/habitatmaps/RK_hsi_mnus_2km_2011.asc
NCOLS 183 
NROWS 114 
XLLCORNER 479000 
YLLCORNER 73000 
CELLSIZE 2000 
NODATA_value -9 
[rows 0 to 71 of 114, columns 0 to 95 of 183]
-9 -9 -9 -9 -9 -9 -9 -9 -9 -9 -9 -9 -9 -9 -9 -9 -9 -9 -9 -9 -9 -9 -9 -9 -9 -9 -9 -9 -9 -9 -9 -9 -9 -9 -9 -9 -9 -9 -9 -9 -9 -9 -9 -9 -9 -9 -9 -9 -9 -9 -9 -9 -9 -9 -9 -9 -9 -9 -9 -9 -9 -9 -9 -9 -9 -9 -9 -9 -9 -9 -9 -9 -9 -9 -9 -9 -9 -9 -9 -9 -9 -9 -9 -9 -9 -9 -9 -9 -9 -9 -9 -9 -9 -9 -9 -9
-9 -9 -9 -9 -9 -9 -9 -9 -9 -9 -9 -9 -9 -9 -9 -9 -9 -9 -9 -9 -9 -9 -9 -9 -9 -9 -9 -9 -9 -9 -9 -9 -9 -9 -9 -9 -9 -9 -9 -9 -9 -9 -9 -9 -9 -9 -9 -9 -9 -9 -9 -9 -9 -9 -9 -9 -9 -9 -9 -9 -9 -9 -9 -9 -9 -9 -9 -9 -9 -9 -9 -9 -9 -9 -9 -9 -9 -9 -9 -9 -9 -9 -9 -9 -9 -9 -9 -9 -9 -9 -9 -9 -9 -9 -9 75
-9 -9 -9 -9 -9 -9 -9 -9 -9 -9 -9 -9 -9 -9 -9 -9 -9 -9 -9 -9 -9 -9 -9 -9 -9 -9 -9 -9 -9 -9 -9 -9 -9 -9 -9 -9 -9 -9 -9 -9 -9 -9 -9 -9 -9 -9 -9 -9 -9 -9 -9 -9 -9 -9 -9 -9 -9 -9 -9 -9 -9 -9 -9 -9 -9 -9 -9 -9 -9 -9 -9 -9 -9 -9 -9 -9 -9 -9 -9 -9 -9 -9 -9 -9 -9 -9 -9 -9 -9 -9 -9 -9 -9 -9 59 65
-9 -9 -9 -9 -9 -9 -9 -9 -9 -9 -9 -9 -9 -9 -9 -9 -9 -9 -9 -9 -9 -9 -9 -9 -9 -9 -9 -9 -9 -9 -9 -9 -9 -9 -9 -9 -9 -9 -9 -9 -9 -9 -9 -9 -9 -9 -9 -9 -9 -9 -9 -9 -9 -9 -9 -9 -9 -9 -9 -9 -9 -9 -9 -9 -9 -9 -9 -9 -9 -9 -9 -9 -9 -9 -9 -9 -9 -9 -9 -9 -9 -9 -9 -9 -9 -9 -9 -9 -9 -9 -9 -9 -9 0 69 67
-9 -9 -9 -9 -9 -9 -9 -9 -9 -9 -9 -9 -9 -9 -9 -9 -9 -9 -9 -9 -9 -9 -9 -9 -9 -9 -9 -9 -9 -9 -9 -9 -9 -9 -9 -9 -9 -9 -9 -9 -9 -9 -9 -9 -9 -9 -9 -9 -9 -9 -9 -9 -9 -9 -9 -9 -9 -9 -9 -9 -9 -9 -9 -9 -9 -9 -9 -9 -9 -9 -9 -9 -9 -9 -9 -9 -9 -9 -9 -9 -9 -9 -9 -9 -9 -9 -9 -9 -9 -9 -9 -9 -9 0 66 72
-9 -9 -9 -9 -9 -9 -9 -9 -9 -9 -9 -9 -9 -9 -9 -9 -9 -9 -9 -9 -9 -9 -9 -9 -9 -9 -9 -9 -9 -9 -9 -9 -9 -9 -9 -9 -9 -9 -9 -9 -9 -9 -9 -9 -9 -9 -9 -9 -9 -9 -9 -9 -9 -9 -9 -9 -9 -9 -9 -9 -9 -9 -9 -9 -9 -9 -9 -9 -9 -9 -9 -9 -9 -9 -9 -9 -9 -9 -9 -9 -9 -9 -9 -9 -9 -9 -9 -9 -9 -9 -9 -9 0 65 71 70
-9 -9 -9 -9 -9 -9 -9 -9 -9 -9 -9 -9 -9 -9 -9 -9 -9 -9 -9 -9 -9 -9 -9 -9 -9 -9 -9 -9 -9 -9 -9 -9 -9 -9 -9 -9 -9 -9 -9 -9 -9 -9 -9 -9 -9 -9 -9 -9 -9 -9 -9 -9 -9 -9 -9 -9 -9 -9 -9 -9 -9 -9 -9 -9 -9 -9 -9 -9 -9 -9 -9 -9 -9 -9 -9 -9 -9 -9 -9 -9 -9 -9 -9 -9 -9 -9 -9 -9 -9 -9 -9 -9 52 70 61 71
-9 -9 -9 -9 -9 -9 -9 -9 -9 -9 -9 -9 -9 -9 -9 -9 -9 -9 -9 -9 -9 -9 -9 -9 -9 -9 -9 -9 -9 -9 -9 -9 -9 -9 -9 -9 -9 -9 -9 -9 -9 -9 -9 -9 -9 -9 -9 -9 -9 -9 -9 -9 -9 -9 -9 -9 -9 -9 -9 -9 -9 -9 -9 -9 -9 -9 -9 -9 -9 -9 -9 -9 -9 -9 -9 -9 -9 -9 -9 -9 -9 -9 -9 -9 -9 -9 -9 -9 -9 0 64 64 77 80 78 76
-9 -9 -9 -9 -9 -9 -9 -9 -9 -9 -9 -9 -9 -9 -9 -9 -9 -9 -9 -9 -9 -9 -9 -9 -9 -9 -9 -9 -9 -9 -9 -9 -9 -9 -9 -9 -9 -9 -9 -9 -9 -9 -9 -9 -9 -9 -9 -9 -9 -9 -9 -9 -9 -9 -9 -9 -9 -9 -9 -9 -9 -9 -9 -9 -9 -9 -9 -9 -9 53 -9 -9 -9 -9 -9 -9 -9 -9 -9 -9 -9 -9 -9 -9 -9 -9 54 68 60 62 66 77 81 81 69 73
-9 -9 -9 -9 -9 -9 -9 -9 -9 -9 -9 -9 -9 -9 -9 -9 -9 -9 -9 -9 -9 -9 -9 -9 -9 -9 -9 -9 -9 -9 -9 -9 -9 -9 -9 -9 -9 -9 -9 -9 -9 -9 -9 -9 -9 -9 -9 -9 -9 -9 -9 -9 -9 -9 -9 -9 -9 -9 -9 -9 -9 -9 -9 -9 -9 78 63 71 74 56 58 73 75 -9 -9 59 64 54 -9 -9 -9 -9 -9 -9 56 72 64 72 69 78 74 80 76 73 75 71
-9 -9 -9 -9 -9 -9 -9 -9 -9 -9 -9 -9 -9 -9 -9 -9 -9 -9 -9 -9 -9 -9 -9 -9 -9 -9 -9 -9 -9 -9 -9 -9 -9 -9 -9 -9 -9 -9 -9 -9 -9 -9 -9 -9 -9 -9 -9 -9 -9 -9 -9 -9 -9 -9 -9 -9 -9 -9 -9 -9 -9 -9 0 0 76 67 0 56 75 68 57 56 60 74 60 70 83 62 57 0 51 -9 67 67 63 64 71 82 83 76 73 68 67 67 75 68
-9 -9 -9 -9 -9 -9 -9 -9 -9 -9 -9 -9 -9 -9 -9 -9 -9 -9 -9 -9 -9 -9 -9 -9 -9 -9 -9 -9 -9 -9 -9 -9 -9 -9 -9 -9 -9 -9 -9 -9 -9 -9 -9 -9 -9 -9 -9 -9 -9 -9 -9 -9 -9 -9 -9 -9 -9 -9 -9 -9 -9 0 0 0 0 0 0 54 69 80 75 80 73 80 80 85 84 73 56 63 62 68 68 72 77 72 82 79 81 76 68 62 64 0 65 81
-9 -9 -9 -9 -9 -9 -9 -9 -9 -9 -9 -9 -9 -9 -9 -9 -9 -9 -9 -9 -9 -9 -9 -9 -9 -9 -9 -9 -9 -9 -9 -9 -9 -9 -9 -9 -9 -9 -9 -9 -9 -9 -9 -9 -9 -9 -9 -9 -9 -9 -9 -9 -9 -9 -9 -9 -9 -9 -9 -9 0 0 0 0 0 0 0 0 82 59 82 85 85 83 90 90 85 79 71 75 71 76 55 64 65 73 81 79 72 59 63 0 0 75 82 86
-9 -9 -9 -9 -9 -9 -9 -9 -9 -9 -9 -9 -9 -9 -9 -9 -9 -9 -9 -9 -9 -9 -9 -9 -9 -9 -9 -9 -9 -9 -9 -9 -9 -9 -9 -9 -9 -9 -9 -9 -9 -9 -9 -9 -9 -9 -9 -9 -9 -9 -9 -9 -9 -9 -9 -9 -9 -9 -9 80 53 0 0 0 0 0 0 77 60 82 65 67 90 85 83 82 77 83 67 73 76 74 76 73 62 72 70 62 0 0 0 64 73 85 78 75
-9 -9 -9 -9 -9 -9 -9 -9 -9 -9 -9 -9 -9 -9 -9 -9 -9 -9 -9 -9 -9 -9 -9 -9 -9 -9 -9 -9 -9 -9 -9 -9 -9 -9 -9 -9 -9 -9 -9 -9 -9 -9 -9 54 67 67 65 66 58 72 0 62 -9 -9 -9 -9 -9 -9 80 81 65 0 0 0 0 0 0 0 0 84 77 63 83 71 60 0 54 73 60 84 77 73 77 74 70 64 56 57 67 76 68 78 63 80 82 88
-9 -9 -9 -9 -9 -9 -9 -9 -9 -9 -9 -9 -9 -9 -9 -9 -9 -9 -9 -9 -9 -9 -9 -9 -9 -9 -9 -9 -9 -9 -9 -9 -9 -9 -9 -9 -9 -9 -9 -9 65 65 59 71 64 67 70 64 58 70 60 58 73 71 63 -9 -9 82 81 82 64 57 0 0 0 0 0 0 51 87 86 64 54 54 0 0 0 0 0 73 78 72 76 78 69 0 75 83 82 72 0 78 78 68 77 82
-9 -9 -9 -9 -9 -9 -9 -9 -9 -9 -9 -9 -9 -9 -9 -9 -9 -9 -9 -9 -9 -9 -9 -9 -9 -9 -9 -9 -9 -9 -9 -9 -9 -9 -9 -9 -9 -9 -9 62 65 56 67 64 59 0 64 62 74 66 78 74 77 79 79 67 82 86 81 82 77 72 58 0 0 0 0 0 81 71 52 73 0 0 0 0 66 0 0 71 55 75 59 69 67 70 78 83 88 78 60 79 78 83 82 80
-9 -9 -9 -9 -9 -9 -9 -9 -9 -9 -9 -9 -9 -9 -9 -9 -9 -9 -9 -9 -9 -9 -9 -9 -9 -9 -9 -9 -9 -9 -9 -9 -9 -9 -9 -9 -9 -9 0 67 61 66 65 71 52 0 0 71 66 74 78 81 76 79 81 80 80 82 84 88 86 74 71 58 0 0 0 0 0 0 0 0 0 55 54 82 86 83 69 52 0 55 69 77 80 74 83 88 87 79 64 84 85 89 87 83
-9 -9 -9 -9 -9 -9 -9 -9 -9 -9 -9 -9 -9 -9 -9 -9 -9 -9 -9 -9 -9 -9 -9 -9 -9 -9 -9 -9 -9 -9 -9 -9 -9 -9 -9 -9 -9 -9 0 59 63 63 76 72 73 73 76 80 75 80 75 81 82 81 86 87 77 81 87 86 87 75 75 78 77 0 0 0 0 0 0 54 75 82 81 89 87 81 88 84 88 81 84 82 90 85 85 82 74 61 72 79 80 84 88 86
-9 -9 -9 -9 -9 -9 -9 -9 -9 -9 -9 -9 -9 -9 -9 -9 -9 -9 -9 -9 -9 -9 -9 -9 -9 -9 -9 -9 -9 -9 -9 -9 -9 -9 -9 -9 -9 -9 56 74 71 74 78 78 73 69 72 80 86 87 84 79 82 88 90 85 78 78 79 83 84 78 78 77 0 80 0 76 71 83 81 82 85 89 84 90 90 90 88 88 89 84 76 86 90 87 86 83 73 72 70 86 83 88 86 89
-9 -9 -9 -9 -9 -9 -9 -9 -9 -9 -9 -9 -9 -9 -9 -9 -9 -9 -9 -9 -9 -9 -9 -9 -9 -9 -9 -9 -9 -9 -9 -9 -9 -9 -9 -9 -9 0 60 69 80 81 86 70 73 80 70 73 69 71 70 65 86 88 86 87 87 87 77 78 77 79 84 67 0 58 0 80 67 75 81 51 65 74 86 89 90 90 89 87 84 82 89 87 83 88 88 86 57 64 54 79 84 89 89 91
-9 -9 -9 -9 -9 -9 -9 -9 -9 -9 -9 -9 -9 -9 -9 -9 -9 -9 -9 -9 -9 -9 -9 -9 -9 -9 -9 -9 -9 -9 -9 -9 -9 -9 -9 -9 -9 52 69 81 87 87 81 79 73 0 76 79 81 80 82 81 87 88 89 87 80 82 78 80 75 89 87 84 82 78 0 79 77 88 79 75 75 84 87 88 87 90 86 79 84 87 90 84 90 89 86 66 74 81 84 91 88 84 89 89
-9 -9 -9 -9 -9 -9 -9 -9 -9 -9 -9 -9 -9 -9 -9 -9 -9 -9 -9 -9 -9 -9 -9 -9 -9 -9 -9 -9 -9 -9 -9 -9 -9 -9 -9 -9 0 60 78 71 78 81 87 87 87 65 65 74 80 74 85 85 88 90 83 69 72 80 87 83 75 70 73 77 75 84 75 87 87 84 81 80 82 82 87 89 87 89 90 90 89 89 91 84 89 87 83 58 81 82 84 85 83 84 87 88
-9 -9 -9 -9 -9 -9 -9 -9 -9 -9 -9 -9 -9 -9 -9 -9 -9 -9 -9 -9 -9 -9 -9 -9 -9 -9 -9 -9 -9 -9 -9 -9 -9 -9 -9 0 78 64 75 70 84 87 86 74 83 72 55 77 88 87 87 85 84 87 85 75 84 80 64 64 70 70 77 79 75 74 76 86 90 88 84 80 83 83 85 84 84 92 92 91 90 81 87 81 89 86 85 77 87 82 84 83 86 89 86 84
-9 -9 -9 -9 -9 -9 -9 -9 -9 -9 -9 -9 -9 -9 -9 -9 -9 -9 -9 -9 -9 -9 -9 -9 -9 -9 -9 -9 -9 -9 -9 -9 -9 -9 74 0 83 83 87 67 85 88 85 78 76 76 76 85 83 84 88 90 87 86 86 89 82 74 69 77 80 73 72 74 81 82 80 84 87 89 84 90 89 87 88 92 93 92 91 77 84 68 75 68 84 80 73 74 81 82 83 74 84 88 90 86
-9 -9 -9 -9 -9 -9 -9 -9 -9 -9 -9 -9 -9 -9 -9 -9 -9 -9 -9 -9 -9 -9 -9 -9 -9 -9 -9 -9 -9 -9 -9 -9 -9 -9 55 61 87 89 87 61 84 86 84 75 79 82 85 87 88 91 90 88 79 90 83 83 76 71 76 76 77 65 72 83 83 88 89 91 91 88 90 91 90 92 92 90 91 86 83 73 78 76 70 78 77 73 71 78 82 84 89 90 81 85 91 89
-9 -9 -9 -9 -9 -9 -9 -9 -9 -9 -9 -9 -9 -9 -9 -9 -9 -9 -9 -9 -9 -9 -9 -9 -9 -9 -9 -9 -9 -9 -9 -9 -9 -9 62 74 84 85 85 87 87 90 86 83 76 87 82 83 86 81 72 84 76 69 78 70 77 79 81 79 76 74 85 87 87 87 89 77 80 84 76 73 89 82 90 85 88 89 71 70 79 79 81 82 85 85 73 85 87 87 82 91 85 63 90 90
-9 -9 -9 -9 -9 -9 -9 -9 -9 -9 -9 -9 -9 -9 -9 -9 -9 -9 -9 -9 -9 -9 -9 -9 -9 -9 -9 -9 -9 -9 -9 -9 -9 64 54 74 74 81 84 67 71 79 80 61 77 74 70 77 79 82 83 86 73 69 79 73 77 77 82 88 79 88 87 87 84 85 87 88 84 75 72 74 84 82 80 82 72 66 73 80 71 63 82 77 82 83 87 84 88 87 84 84 89 77 78 91
-9 -9 -9 -9 -9 -9 -9 -9 -9 -9 -9 -9 -9 -9 -9 -9 -9 -9 -9 -9 -9 -9 -9 -9 -9 -9 -9 -9 -9 -9 -9 -9 -9 -9 0 71 79 75 73 52 71 78 66 69 78 72 84 84 84 88 88 88 86 77 85 84 71 81 84 90 89 91 91 83 68 72 79 85 87 88 86 85 80 87 54 55 66 82 81 85 83 85 76 77 83 87 89 88 88 88 87 85 86 80 73 87
-9 -9 -9 -9 -9 -9 -9 -9 -9 -9 -9 -9 -9 -9 -9 -9 -9 -9 -9 -9 -9 -9 -9 -9 -9 -9 -9 -9 -9 -9 -9 -9 -9 -9 79 57 54 74 56 71 87 76 84 78 79 79 79 83 89 78 88 88 87 88 88 88 90 88 87 88 89 90 88 73 72 61 67 62 68 83 88 85 89 78 72 67 85 84 81 88 87 85 83 86 86 88 91 90 84 83 91 89 90 86 81 80
-9 -9 -9 -9 -9 -9 -9 -9 -9 -9 -9 -9 -9 -9 -9 -9 -9 -9 -9 -9 -9 -9 -9 -9 -9 -9 -9 -9 -9 -9 -9 -9 -9 -9 74 76 66 85 88 87 87 83 72 65 78 81 88 88 77 85 69 59 62 65 61 60 59 60 64 73 72 75 83 66 77 73 83 81 88 88 85 78 68 71 74 82 82 73 71 85 89 90 87 87 89 90 91 91 89 66 87 92 91 86 87 75
-9 -9 -9 -9 -9 -9 -9 -9 -9 -9 -9 -9 -9 -9 -9 -9 -9 -9 -9 -9 -9 -9 -9 -9 -9 -9 -9 -9 -9 -9 -9 -9 -9 -9 -9 68 83 84 84 86 79 67 63 74 74 82 76 76 70 78 77 72 81 77 58 55 60 76 80 71 86 86 71 80 62 63 87 77 69 65 67 79 83 85 71 73 76 79 77 85 85 85 90 87 91 91 89 91 86 69 83 92 91 91 88 80
-9 -9 -9 -9 -9 -9 -9 -9 -9 -9 -9 -9 -9 -9 -9 -9 -9 -9 -9 -9 -9 -9 -9 -9 -9 -9 -9 -9 -9 -9 -9 -9 -9 -9 -9 83 83 81 85 85 83 66 70 77 81 72 77 78 78 77 57 68 81 77 65 65 79 86 88 89 87 80 85 86 71 54 55 67 73 84 81 84 87 80 70 74 82 64 82 85 87 91 89 89 91 92 90 83 90 75 82 92 89 92 85 85
-9 -9 -9 -9 -9 -9 -9 -9 -9 -9 -9 -9 -9 -9 -9 -9 -9 -9 -9 -9 -9 -9 -9 -9 -9 -9 -9 -9 -9 -9 -9 -9 -9 -9 86 87 86 77 84 86 77 81 81 78 79 71 72 68 72 71 57 66 60 0 60 70 67 69 70 54 66 57 53 52 0 85 78 85 82 79 86 74 69 72 84 82 62 87 86 86 88 88 88 84 92 92 91 91 85 89 72 92 89 91 89 87
-9 -9 -9 -9 -9 -9 -9 -9 -9 -9 -9 -9 -9 -9 -9 -9 -9 -9 -9 -9 -9 -9 -9 -9 -9 -9 -9 -9 -9 -9 -9 -9 -9 73 78 82 84 85 84 77 67 63 64 76 70 68 66 65 55 60 59 71 83 87 89 89 88 78 71 52 0 0 55 79 55 80 67 69 80 83 67 83 79 86 88 85 88 91 91 90 85 89 85 88 83 90 91 87 91 90 84 90 91 88 91 89
-9 -9 -9 -9 -9 -9 -9 -9 -9 -9 -9 -9 -9 -9 -9 -9 -9 -9 -9 -9 -9 -9 -9 -9 -9 -9 -9 -9 -9 -9 -9 -9 -9 78 80 82 85 79 86 69 62 76 66 73 68 73 73 69 64 61 63 89 82 77 0 0 0 0 0 63 79 76 74 75 72 78 77 78 78 72 65 78 77 82 68 88 91 91 91 90 90 89 91 91 82 92 91 91 90 88 89 70 90 89 91 85
-9 -9 -9 -9 -9 -9 -9 -9 -9 -9 -9 -9 -9 -9 -9 -9 -9 -9 -9 -9 -9 -9 -9 -9 -9 -9 -9 -9 -9 -9 -9 76 77 76 77 73 79 84 72 65 69 75 75 78 70 64 0 54 63 75 81 65 61 70 73 68 69 0 73 81 72 61 0 60 59 67 62 76 79 81 79 79 80 72 78 89 87 90 91 90 88 91 90 88 88 87 90 90 87 92 87 75 86 90 90 79
-9 -9 -9 -9 -9 -9 -9 -9 -9 -9 -9 -9 -9 -9 -9 -9 -9 -9 -9 -9 -9 -9 -9 -9 -9 -9 -9 -9 -9 -9 79 81 79 80 76 67 85 78 0 81 76 80 76 76 57 0 67 83 86 85 84 75 67 67 73 77 75 76 67 0 0 57 73 76 73 66 73 82 83 81 80 84 82 79 75 87 85 87 85 85 80 87 89 90 85 83 84 88 87 90 89 84 82 88 91 87
-9 -9 -9 -9 -9 -9 -9 -9 -9 -9 -9 -9 -9 -9 -9 -9 -9 -9 -9 -9 -9 -9 -9 -9 -9 -9 -9 -9 -9 82 82 74 60 73 85 80 69 68 53 74 72 76 69 0 0 76 77 62 62 61 0 0 0 65 70 54 71 61 0 61 80 80 83 74 70 76 79 84 84 82 82 82 86 86 87 88 82 88 87 85 82 69 63 87 90 88 76 83 88 88 87 88 83 82 88 86
-9 -9 -9 -9 -9 -9 -9 -9 -9 -9 -9 -9 -9 -9 -9 -9 -9 -9 -9 -9 -9 -9 -9 -9 -9 -9 -9 -9 86 80 72 57 58 81 76 71 58 74 71 69 77 67 79 73 72 64 0 0 0 0 52 70 76 65 59 62 0 59 60 79 83 88 82 75 76 72 81 85 86 85 87 89 89 81 88 87 87 89 84 86 80 79 78 87 89 86 75 77 78 88 87 87 86 81 85 86
-9 -9 -9 -9 -9 -9 -9 -9 -9 -9 -9 -9 -9 -9 -9 -9 -9 -9 -9 -9 -9 -9 -9 -9 -9 -9 -9 86 76 78 52 59 69 72 58 63 79 73 74 76 70 82 73 78 64 0 0 0 0 0 0 0 60 52 60 55 61 79 80 82 86 88 84 75 79 80 80 81 86 83 88 88 89 88 85 87 88 86 84 86 85 84 87 79 78 82 74 70 76 85 86 88 85 81 80 87
-9 -9 -9 -9 -9 -9 -9 -9 -9 -9 -9 -9 -9 -9 -9 -9 -9 -9 -9 -9 -9 -9 -9 -9 -9 -9 -9 72 73 63 65 61 66 52 57 70 53 70 72 72 76 68 62 0 0 0 60 65 68 59 64 0 0 72 73 55 63 72 79 85 85 79 79 81 80 81 76 82 84 87 89 89 87 89 87 82 84 87 83 88 85 88 84 78 77 81 81 82 83 84 89 87 82 81 82 79
-9 -9 -9 -9 -9 -9 -9 -9 -9 -9 -9 -9 -9 -9 -9 -9 -9 -9 -9 -9 -9 -9 -9 -9 -9 -9 61 64 62 64 71 69 59 55 68 0 57 71 75 69 51 59 62 53 69 67 67 70 68 55 0 0 74 74 67 71 83 83 83 81 81 82 85 80 81 76 71 69 75 86 87 89 89 85 85 81 85 89 86 87 87 89 86 83 82 83 82 82 88 84 88 87 78 77 82 79
-9 -9 -9 -9 -9 -9 -9 -9 -9 -9 -9 -9 -9 -9 -9 -9 -9 -9 -9 -9 -9 -9 -9 -9 0 55 68 67 63 78 72 69 0 72 0 61 75 80 62 0 0 60 52 66 0 54 68 0 0 0 51 0 76 66 68 75 85 87 74 76 86 85 83 83 80 77 81 75 86 89 88 87 86 88 88 84 86 87 88 89 90 90 88 87 82 81 85 87 87 79 78 86 71 79 83 83
-9 -9 -9 -9 -9 -9 -9 -9 -9 -9 -9 -9 -9 -9 -9 -9 -9 -9 -9 -9 -9 77 73 57 67 65 67 58 77 80 73 73 78 75 76 78 0 70 0 61 77 76 88 65 52 80 0 0 0 0 0 55 52 52 66 82 83 87 82 86 85 86 82 78 78 81 84 87 88 88 88 86 87 85 82 80 72 75 85 88 88 85 84 83 86 83 86 84 86 78 74 81 81 69 76 83
-9 -9 -9 -9 -9 -9 -9 -9 -9 -9 -9 -9 -9 -9 -9 -9 -9 -9 -9 -9 72 58 53 64 70 71 61 65 80 86 74 61 68 69 80 0 58 0 57 75 74 89 62 61 58 0 59 0 55 62 59 60 0 59 79 84 87 88 82 86 85 79 71 72 82 85 87 86 89 89 89 87 87 87 85 61 56 0 72 76 79 76 75 82 87 83 83 83 79 82 76 78 82 78 66 74
-9 -9 -9 -9 -9 -9 -9 -9 -9 -9 -9 -9 -9 -9 -9 -9 -9 -9 -9 61 65 65 58 63 68 65 58 74 83 73 53 55 0 72 0 57 0 0 68 79 75 69 61 0 0 0 69 61 82 68 55 53 59 79 83 90 88 87 82 86 81 64 66 82 89 87 87 88 86 88 89 87 89 89 73 0 0 54 67 53 0 57 72 85 87 77 85 88 83 69 0 61 86 75 72 61
-9 -9 -9 -9 -9 -9 -9 -9 -9 -9 -9 -9 -9 -9 -9 -9 -9 -9 70 72 68 61 67 71 81 72 64 65 0 0 0 65 0 0 67 0 0 0 75 66 63 58 0 0 0 0 0 52 66 0 0 0 78 81 82 74 82 84 83 83 81 73 70 80 84 86 88 88 87 87 86 87 90 85 75 0 57 0 0 0 0 0 57 82 88 76 72 76 59 0 0 0 56 71 61 69
-9 -9 -9 -9 -9 -9 -9 -9 -9 -9 -9 -9 -9 -9 -9 -9 -9 71 68 68 64 64 76 66 75 75 59 0 0 0 56 0 56 64 63 0 0 72 80 54 0 0 0 51 53 0 0 0 0 0 0 63 77 69 70 68 78 82 78 74 72 77 82 84 80 78 83 83 88 88 88 88 91 86 75 77 0 61 67 58 0 58 71 87 88 78 57 0 0 0 0 0 58 67 65 78
-9 -9 -9 -9 -9 -9 -9 -9 -9 -9 -9 -9 -9 -9 -9 -9 -9 65 69 67 68 77 74 68 0 0 0 0 0 0 0 56 65 0 0 0 52 78 0 0 0 0 0 0 0 0 67 76 0 0 0 63 78 70 58 57 69 66 59 53 71 79 78 87 84 87 82 83 83 88 87 88 88 87 81 75 57 70 75 53 58 70 84 88 77 67 53 0 0 0 0 0 53 65 67 80
-9 -9 -9 -9 -9 -9 -9 -9 -9 -9 -9 -9 -9 -9 -9 -9 -9 63 69 67 79 71 69 0 0 0 0 0 0 52 60 66 68 60 0 0 58 0 0 0 0 0 0 59 55 72 63 0 0 0 80 79 80 80 80 71 72 75 67 66 78 69 85 86 83 86 82 87 81 81 80 87 88 89 88 79 71 58 62 70 77 83 86 70 0 55 0 0 0 0 54 67 0 66 76 78
-9 -9 -9 -9 -9 -9 -9 -9 -9 -9 -9 -9 -9 -9 -9 -9 65 71 61 71 0 69 66 0 0 0 0 54 58 65 85 83 62 0 0 0 0 0 0 0 0 52 0 74 78 58 0 0 0 80 85 82 77 83 84 80 83 87 84 86 82 78 83 85 85 86 86 87 85 85 70 84 88 85 87 86 80 64 56 66 86 88 85 0 51 0 0 0 0 0 0 71 57 58 0 0
-9 -9 -9 -9 -9 -9 -9 -9 -9 -9 -9 -9 -9 -9 -9 -9 0 0 72 74 71 0 0 0 0 66 54 61 77 84 74 57 0 0 69 54 0 0 0 0 0 0 66 70 0 0 0 0 77 87 83 77 71 83 85 59 78 86 89 87 88 87 79 75 77 85 87 89 84 84 78 87 78 74 66 84 81 80 71 84 78 0 74 0 0 0 0 0 0 0 0 55 68 75 0 0
-9 -9 -9 -9 -9 -9 -9 -9 -9 -9 -9 -9 -9 -9 -9 -9 -9 53 80 70 67 55 53 60 0 0 0 81 76 65 51 0 57 63 55 0 0 0 0 0 0 70 70 0 0 0 68 85 88 77 74 72 73 81 81 75 84 84 85 86 79 80 72 68 73 87 88 88 88 87 88 84 77 86 68 71 70 67 85 84 0 0 82 0 0 0 0 0 0 0 67 0 76 64 0 0
-9 -9 -9 -9 -9 -9 -9 -9 -9 -9 -9 -9 -9 -9 -9 -9 -9 0 0 0 52 58 53 0 0 0 0 0 0 0 0 0 0 0 0 0 0 0 0 0 67 59 0 0 0 68 84 84 86 83 72 56 79 81 81 82 85 85 87 87 83 78 79 80 70 75 83 89 86 71 72 70 72 72 83 68 57 57 85 0 0 0 79 0 0 0 0 0 66 64 0 57 75 0 0 0
-9 -9 -9 -9 -9 -9 -9 -9 -9 -9 -9 -9 -9 -9 -9 -9 -9 58 66 0 56 0 0 0 60 0 0 0 0 0 59 0 0 0 0 0 0 0 0 67 61 0 0 0 82 87 87 86 85 69 0 70 80 79 83 84 85 84 87 86 84 86 71 82 82 69 84 84 62 66 67 70 81 82 86 62 63 59 75 0 0 0 55 0 0 0 0 0 53 0 0 52 0 0 0 0
-9 -9 -9 -9 -9 -9 -9 -9 -9 -9 -9 -9 -9 -9 -9 -9 67 0 0 60 71 68 0 0 0 0 0 61 73 76 52 0 0 0 0 0 0 0 54 59 0 0 0 80 87 84 86 81 67 0 66 80 70 83 84 86 84 87 83 88 88 80 78 74 73 71 81 82 78 79 74 57 56 56 82 76 0 70 59 0 0 0 64 0 0 0 0 62 0 0 0 0 0 0 0 0
-9 -9 -9 -9 -9 -9 -9 -9 -9 -9 -9 -9 -9 -9 -9 -9 67 51 0 0 0 0 0 61 55 51 59 80 75 0 0 0 0 0 0 0 69 75 63 0 0 0 0 81 86 86 84 77 71 59 74 78 80 85 79 85 86 88 87 87 85 82 81 59 76 76 78 81 71 68 69 61 74 64 58 81 88 69 66 0 0 0 0 0 0 0 0 0 0 0 0 0 0 0 0 0
-9 -9 -9 -9 -9 -9 -9 -9 -9 -9 -9 -9 -9 -9 -9 65 56 0 0 55 0 0 0 0 0 0 69 67 0 0 0 0 0 0 0 72 73 80 79 75 0 71 81 76 79 85 81 80 81 65 79 83 84 87 83 87 86 79 84 88 84 84 80 64 82 75 73 77 86 84 84 77 67 0 0 0 0 57 60 51 0 0 0 0 0 0 0 0 56 0 0 0 0 0 0 0
-9 -9 -9 -9 -9 -9 -9 -9 -9 -9 -9 -9 -9 0 0 0 0 0 62 67 0 0 0 0 0 74 70 0 0 0 0 61 55 51 77 87 85 85 83 62 0 71 79 83 83 79 82 77 77 77 84 84 86 83 86 80 84 82 83 85 0 81 85 74 80 72 73 85 83 83 78 66 55 67 61 0 0 0 0 0 0 0 0 0 0 0 0 0 0 0 0 0 0 0 0 0
-9 -9 -9 -9 -9 -9 -9 -9 -9 -9 -9 -9 0 0 63 0 53 53 59 64 58 53 0 0 58 66 0 0 0 0 59 70 81 80 85 84 83 88 58 0 61 73 83 85 81 84 82 78 75 86 88 83 84 83 85 80 69 68 83 70 0 0 85 74 83 70 75 69 71 78 56 58 0 0 0 0 0 0 0 0 0 0 0 0 52 0 0 0 0 0 0 0 0 0 0 0
-9 -9 -9 -9 -9 -9 -9 -9 -9 -9 -9 0 0 52 0 52 52 61 0 0 0 0 54 63 66 0 0 0 0 59 79 83 78 85 84 86 85 73 55 0 78 84 84 82 75 83 83 79 85 88 86 88 88 87 85 88 85 51 0 0 0 0 58 82 81 73 67 60 57 69 0 0 0 0 0 0 0 0 0 0 0 0 0 0 0 0 52 0 0 0 0 0 0 0 0 0
-9 -9 -9 -9 -9 -9 -9 -9 -9 -9 0 0 53 0 56 52 0 0 0 0 68 66 59 62 0 0 0 0 77 77 74 84 76 86 85 86 79 0 0 74 81 71 76 79 76 78 81 79 87 89 89 86 86 86 89 84 0 0 0 0 0 0 0 86 80 63 65 0 57 57 67 69 0 0 0 0 0 0 0 0 0 0 60 0 74 72 69 0 0 63 0 0 0 0 0 0
-9 -9 -9 -9 -9 -9 -9 -9 -9 0 0 0 56 0 0 0 0 0 0 0 80 0 0 54 0 0 0 0 78 67 84 82 76 86 74 81 63 0 65 82 80 79 78 74 86 82 83 73 86 87 0 0 63 0 55 79 60 60 0 0 0 0 0 58 78 73 72 61 0 60 58 74 0 0 0 0 0 0 0 0 55 0 0 0 0 0 0 0 0 0 0 0 0 0 0 0
-9 -9 -9 -9 -9 -9 -9 54 0 0 55 0 0 0 0 0 0 0 0 0 0 0 56 0 58 0 0 54 80 77 86 78 80 84 74 66 54 53 77 72 68 71 84 84 84 72 81 55 83 84 0 0 0 0 0 58 0 0 0 0 0 0 0 0 0 0 76 64 0 0 58 0 0 0 0 0 0 0 0 0 0 0 0 0 0 0 0 0 0 0 0 0 0 0 0 0
-9 -9 -9 -9 -9 -9 53 0 52 56 0 0 0 0 0 0 0 0 0 0 0 0 56 0 0 0 0 76 81 80 82 81 74 77 76 59 64 79 83 71 66 79 80 73 66 63 71 52 84 0 0 0 0 0 0 0 0 0 0 0 0 0 0 0 0 0 0 52 70 62 0 54 0 0 0 0 0 54 0 0 0 0 0 0 0 0 0 0 0 0 0 0 0 0 0 0
-9 -9 -9 -9 -9 66 0 66 70 0 0 0 0 0 0 0 0 0 0 52 0 0 0 0 0 0 0 81 77 83 82 75 81 79 64 52 81 82 81 66 72 83 74 66 70 74 61 52 80 0 0 0 0 0 52 0 0 0 0 0 69 75 81 82 85 80 77 0 0 66 62 0 0 0 0 0 0 0 0 0 0 0 0 0 0 0 0 0 0 0 0 0 0 0 0 0
-9 -9 -9 -9 -9 64 71 66 0 0 0 0 0 0 0 0 0 0 0 0 0 63 61 0 0 0 62 79 73 65 72 80 82 79 71 66 76 81 81 81 72 70 71 74 66 75 65 54 0 0 76 55 0 0 0 0 0 0 0 77 79 63 55 52 58 81 53 0 0 0 77 62 0 0 0 0 0 0 0 0 0 0 0 0 0 0 0 0 0 0 0 0 0 0 0 0
-9 -9 -9 -9 -9 69 68 0 0 0 0 0 0 0 0 0 0 0 0 0 55 61 54 0 0 0 64 79 78 72 81 81 76 76 74 79 70 76 83 83 80 80 75 73 72 71 76 0 0 76 69 0 0 0 0 0 0 0 81 65 0 0 0 0 0 76 0 0 0 0 78 0 0 0 0 0 0 0 0 0 0 0 55 0 0 0 0 0 0 0 0 0 0 0 0 0
-9 -9 -9 -9 73 57 0 0 0 0 0 0 0 0 53 0 0 0 0 0 61 54 0 0 0 0 0 83 73 78 83 80 61 81 78 77 67 82 82 85 81 78 82 88 83 70 52 0 75 58 0 0 0 0 0 0 0 55 56 0 0 0 0 63 65 0 0 0 0 66 71 0 0 0 0 0 0 0 0 0 0 0 0 0 0 0 0 0 0 0 0 0 0 0 0 0
-9 -9 -9 -9 76 0 0 0 0 0 0 0 0 0 0 0 0 0 0 59 53 57 54 0 0 0 0 73 70 79 78 64 0 75 80 80 67 82 73 75 70 83 0 0 59 67 59 70 0 0 0 0 0 0 0 0 0 57 62 0 0 0 0 0 0 0 0 0 66 59 0 0 0 0 0 0 0 0 0 0 0 0 0 0 0 0 0 0 0 0 0 0 0 0 0 0
-9 -9 -9 -9 0 0 0 0 0 0 0 0 52 0 0 0 0 0 0 60 0 54 0 0 0 0 0 59 64 83 77 52 55 62 57 68 68 79 82 73 76 61 0 0 0 56 69 64 0 0 0 0 0 0 0 0 0 0 63 0 0 0 0 0 0 0 0 52 72 54 0 0 0 0 0 0 0 0 0 0 0 0 0 0 0 0 0 0 0 0 0 0 0 0 0 0
