data/habitatmaps/RK_hsi_2km_2016.asc
NCOLS 183 
NROWS 114 
XLLCORNER 479000 
YLLCORNER 73000 
CELLSIZE 2000 
NODATA_value -9 
[rows 0 to 71 of 114, columns 0 to 95 of 183]
-9 -9 -9 -9 -9 -9 -9 -9 -9 -9 -9 -9 -9 -9 -9 -9 -9 -9 -9 -9 -9 -9 -9 -9 -9 -9 -9 -9 -9 -9 -9 -9 -9 -9 -9 -9 -9 -9 -9 -9 -9 -9 -9 -9 -9 -9 -9 -9 -9 -9 -9 -9 -9 -9 -9 -9 -9 -9 -9 -9 -9 -9 -9 -9 -9 -9 -9 -9 -9 -9 -9 -9 -9 -9 -9 -9 -9 -9 -9 -9 -9 -9 -9 -9 -9 -9 -9 -9 -9 -9 -9 -9 -9 -9 -9 -9
-9 -9 -9 -9 -9 -9 -9 -9 -9 -9 -9 -9 -9 -9 -9 -9 -9 -9 -9 -9 -9 -9 -9 -9 -9 -9 -9 -9 -9 -9 -9 -9 -9 -9 -9 -9 -9 -9 -9 -9 -9 -9 -9 -9 -9 -9 -9 -9 -9 -9 -9 -9 -9 -9 -9 -9 -9 -9 -9 -9 -9 -9 -9 -9 -9 -9 -9 -9 -9 -9 -9 -9 -9 -9 -9 -9 -9 -9 -9 -9 -9 -9 -9 -9 -9 -9 -9 -9 -9 -9 -9 -9 -9 -9 -9 80
-9 -9 -9 -9 -9 -9 -9 -9 -9 -9 -9 -9 -9 -9 -9 -9 -9 -9 -9 -9 -9 -9 -9 -9 -9 -9 -9 -9 -9 -9 -9 -9 -9 -9 -9 -9 -9 -9 -9 -9 -9 -9 -9 -9 -9 -9 -9 -9 -9 -9 -9 -9 -9 -9 -9 -9 -9 -9 -9 -9 -9 -9 -9 -9 -9 -9 -9 -9 -9 -9 -9 -9 -9 -9 -9 -9 -9 -9 -9 -9 -9 -9 -9 -9 -9 -9 -9 -9 -9 -9 -9 -9 -9 -9 64 70
-9 -9 -9 -9 -9 -9 -9 -9 -9 -9 -9 -9 -9 -9 -9 -9 -9 -9 -9 -9 -9 -9 -9 -9 -9 -9 -9 -9 -9 -9 -9 -9 -9 -9 -9 -9 -9 -9 -9 -9 -9 -9 -9 -9 -9 -9 -9 -9 -9 -9 -9 -9 -9 -9 -9 -9 -9 -9 -9 -9 -9 -9 -9 -9 -9 -9 -9 -9 -9 -9 -9 -9 -9 -9 -9 -9 -9 -9 -9 -9 -9 -9 -9 -9 -9 -9 -9 -9 -9 -9 -9 -9 -9 0 74 72
-9 -9 -9 -9 -9 -9 -9 -9 -9 -9 -9 -9 -9 -9 -9 -9 -9 -9 -9 -9 -9 -9 -9 -9 -9 -9 -9 -9 -9 -9 -9 -9 -9 -9 -9 -9 -9 -9 -9 -9 -9 -9 -9 -9 -9 -9 -9 -9 -9 -9 -9 -9 -9 -9 -9 -9 -9 -9 -9 -9 -9 -9 -9 -9 -9 -9 -9 -9 -9 -9 -9 -9 -9 -9 -9 -9 -9 -9 -9 -9 -9 -9 -9 -9 -9 -9 -9 -9 -9 -9 -9 -9 -9 0 71 77
-9 -9 -9 -9 -9 -9 -9 -9 -9 -9 -9 -9 -9 -9 -9 -9 -9 -9 -9 -9 -9 -9 -9 -9 -9 -9 -9 -9 -9 -9 -9 -9 -9 -9 -9 -9 -9 -9 -9 -9 -9 -9 -9 -9 -9 -9 -9 -9 -9 -9 -9 -9 -9 -9 -9 -9 -9 -9 -9 -9 -9 -9 -9 -9 -9 -9 -9 -9 -9 -9 -9 -9 -9 -9 -9 -9 -9 -9 -9 -9 -9 -9 -9 -9 -9 -9 -9 -9 -9 -9 -9 -9 0 70 75 74
-9 -9 -9 -9 -9 -9 -9 -9 -9 -9 -9 -9 -9 -9 -9 -9 -9 -9 -9 -9 -9 -9 -9 -9 -9 -9 -9 -9 -9 -9 -9 -9 -9 -9 -9 -9 -9 -9 -9 -9 -9 -9 -9 -9 -9 -9 -9 -9 -9 -9 -9 -9 -9 -9 -9 -9 -9 -9 -9 -9 -9 -9 -9 -9 -9 -9 -9 -9 -9 -9 -9 -9 -9 -9 -9 -9 -9 -9 -9 -9 -9 -9 -9 -9 -9 -9 -9 -9 -9 -9 -9 -9 58 75 66 76
-9 -9 -9 -9 -9 -9 -9 -9 -9 -9 -9 -9 -9 -9 -9 -9 -9 -9 -9 -9 -9 -9 -9 -9 -9 -9 -9 -9 -9 -9 -9 -9 -9 -9 -9 -9 -9 -9 -9 -9 -9 -9 -9 -9 -9 -9 -9 -9 -9 -9 -9 -9 -9 -9 -9 -9 -9 -9 -9 -9 -9 -9 -9 -9 -9 -9 -9 -9 -9 -9 -9 -9 -9 -9 -9 -9 -9 -9 -9 -9 -9 -9 -9 -9 -9 -9 -9 -9 -9 0 68 69 82 85 83 82
-9 -9 -9 -9 -9 -9 -9 -9 -9 -9 -9 -9 -9 -9 -9 -9 -9 -9 -9 -9 -9 -9 -9 -9 -9 -9 -9 -9 -9 -9 -9 -9 -9 -9 -9 -9 -9 -9 -9 -9 -9 -9 -9 -9 -9 -9 -9 -9 -9 -9 -9 -9 -9 -9 -9 -9 -9 -9 -9 -9 -9 -9 -9 -9 -9 -9 -9 -9 -9 58 -9 -9 -9 -9 -9 -9 -9 -9 -9 -9 -9 -9 -9 -9 -9 -9 59 73 65 66 70 82 86 86 74 78
-9 -9 -9 -9 -9 -9 -9 -9 -9 -9 -9 -9 -9 -9 -9 -9 -9 -9 -9 -9 -9 -9 -9 -9 -9 -9 -9 -9 -9 -9 -9 -9 -9 -9 -9 -9 -9 -9 -9 -9 -9 -9 -9 -9 -9 -9 -9 -9 -9 -9 -9 -9 -9 -9 -9 -9 -9 -9 -9 -9 -9 -9 -9 -9 -9 83 68 76 79 59 63 79 80 -9 -9 64 70 59 -9 -9 -9 -9 -9 -9 61 77 70 77 74 83 78 85 82 78 80 76
-9 -9 -9 -9 -9 -9 -9 -9 -9 -9 -9 -9 -9 -9 -9 -9 -9 -9 -9 -9 -9 -9 -9 -9 -9 -9 -9 -9 -9 -9 -9 -9 -9 -9 -9 -9 -9 -9 -9 -9 -9 -9 -9 -9 -9 -9 -9 -9 -9 -9 -9 -9 -9 -9 -9 -9 -9 -9 -9 -9 -9 -9 0 0 81 73 56 61 80 70 61 60 65 79 65 76 88 67 63 54 57 -9 72 72 68 68 77 87 88 81 78 73 72 72 80 74
-9 -9 -9 -9 -9 -9 -9 -9 -9 -9 -9 -9 -9 -9 -9 -9 -9 -9 -9 -9 -9 -9 -9 -9 -9 -9 -9 -9 -9 -9 -9 -9 -9 -9 -9 -9 -9 -9 -9 -9 -9 -9 -9 -9 -9 -9 -9 -9 -9 -9 -9 -9 -9 -9 -9 -9 -9 -9 -9 -9 -9 0 0 0 0 0 0 59 74 85 80 85 79 86 86 90 89 78 61 69 68 73 73 77 82 77 87 85 86 81 73 67 68 56 70 86
-9 -9 -9 -9 -9 -9 -9 -9 -9 -9 -9 -9 -9 -9 -9 -9 -9 -9 -9 -9 -9 -9 -9 -9 -9 -9 -9 -9 -9 -9 -9 -9 -9 -9 -9 -9 -9 -9 -9 -9 -9 -9 -9 -9 -9 -9 -9 -9 -9 -9 -9 -9 -9 -9 -9 -9 -9 -9 -9 -9 0 0 0 0 0 0 0 0 87 64 87 91 90 88 95 95 90 84 75 81 76 81 61 69 70 78 86 84 77 64 67 0 54 79 87 91
-9 -9 -9 -9 -9 -9 -9 -9 -9 -9 -9 -9 -9 -9 -9 -9 -9 -9 -9 -9 -9 -9 -9 -9 -9 -9 -9 -9 -9 -9 -9 -9 -9 -9 -9 -9 -9 -9 -9 -9 -9 -9 -9 -9 -9 -9 -9 -9 -9 -9 -9 -9 -9 -9 -9 -9 -9 -9 -9 85 58 55 0 0 0 0 0 82 65 86 70 72 95 90 89 87 82 88 71 78 81 79 81 78 66 77 76 67 0 0 52 68 78 90 83 80
-9 -9 -9 -9 -9 -9 -9 -9 -9 -9 -9 -9 -9 -9 -9 -9 -9 -9 -9 -9 -9 -9 -9 -9 -9 -9 -9 -9 -9 -9 -9 -9 -9 -9 -9 -9 -9 -9 -9 -9 -9 -9 -9 59 71 72 70 71 63 77 0 67 -9 -9 -9 -9 -9 -9 85 86 70 54 0 0 0 0 0 0 0 89 82 68 88 76 66 53 59 78 64 89 82 77 82 79 75 69 61 62 72 81 73 83 68 85 87 94
-9 -9 -9 -9 -9 -9 -9 -9 -9 -9 -9 -9 -9 -9 -9 -9 -9 -9 -9 -9 -9 -9 -9 -9 -9 -9 -9 -9 -9 -9 -9 -9 -9 -9 -9 -9 -9 -9 -9 -9 70 70 64 76 69 72 75 69 63 75 65 63 78 76 68 -9 -9 87 86 87 69 62 55 0 0 0 53 0 56 92 91 70 59 60 0 0 0 52 52 78 82 77 81 83 74 0 81 89 87 77 56 83 82 73 82 87
-9 -9 -9 -9 -9 -9 -9 -9 -9 -9 -9 -9 -9 -9 -9 -9 -9 -9 -9 -9 -9 -9 -9 -9 -9 -9 -9 -9 -9 -9 -9 -9 -9 -9 -9 -9 -9 -9 -9 68 71 61 72 68 64 56 69 67 79 71 83 79 82 84 84 72 87 91 86 87 82 77 63 53 0 0 0 0 86 76 56 78 0 0 0 0 71 55 0 76 61 79 63 74 72 75 83 88 93 83 66 84 83 88 87 85
-9 -9 -9 -9 -9 -9 -9 -9 -9 -9 -9 -9 -9 -9 -9 -9 -9 -9 -9 -9 -9 -9 -9 -9 -9 -9 -9 -9 -9 -9 -9 -9 -9 -9 -9 -9 -9 -9 0 72 65 71 70 76 57 53 0 76 71 79 83 86 81 84 86 85 85 87 89 93 91 80 76 63 56 0 0 0 0 0 0 0 0 59 59 87 91 88 74 57 56 60 74 82 86 80 88 93 92 85 70 89 90 94 92 88
-9 -9 -9 -9 -9 -9 -9 -9 -9 -9 -9 -9 -9 -9 -9 -9 -9 -9 -9 -9 -9 -9 -9 -9 -9 -9 -9 -9 -9 -9 -9 -9 -9 -9 -9 -9 -9 -9 0 64 68 68 81 78 78 78 81 85 80 85 80 86 87 86 91 92 82 86 92 91 92 80 80 83 82 0 53 0 54 0 0 59 80 87 86 94 92 86 93 89 93 86 89 88 95 90 90 87 79 67 78 85 85 89 93 91
-9 -9 -9 -9 -9 -9 -9 -9 -9 -9 -9 -9 -9 -9 -9 -9 -9 -9 -9 -9 -9 -9 -9 -9 -9 -9 -9 -9 -9 -9 -9 -9 -9 -9 -9 -9 -9 -9 61 79 76 79 83 83 78 74 77 85 91 92 89 84 87 93 95 90 83 83 84 88 89 83 83 82 55 86 0 82 77 88 86 87 90 94 89 95 95 95 93 93 94 89 81 91 95 92 91 88 78 77 75 91 88 93 91 94
-9 -9 -9 -9 -9 -9 -9 -9 -9 -9 -9 -9 -9 -9 -9 -9 -9 -9 -9 -9 -9 -9 -9 -9 -9 -9 -9 -9 -9 -9 -9 -9 -9 -9 -9 -9 -9 0 65 74 85 86 91 75 78 85 75 78 74 76 75 70 91 93 91 92 92 92 82 83 82 84 89 71 0 63 0 85 72 80 86 56 69 79 91 94 95 95 94 92 89 87 94 92 89 94 93 91 62 69 59 85 89 94 95 96
-9 -9 -9 -9 -9 -9 -9 -9 -9 -9 -9 -9 -9 -9 -9 -9 -9 -9 -9 -9 -9 -9 -9 -9 -9 -9 -9 -9 -9 -9 -9 -9 -9 -9 -9 -9 -9 57 74 86 92 93 86 84 78 0 81 85 86 85 87 86 92 93 94 92 85 87 83 85 80 94 92 89 87 83 0 84 83 93 84 80 80 89 92 93 93 95 91 84 89 92 95 89 95 94 91 71 79 86 90 96 93 89 94 94
-9 -9 -9 -9 -9 -9 -9 -9 -9 -9 -9 -9 -9 -9 -9 -9 -9 -9 -9 -9 -9 -9 -9 -9 -9 -9 -9 -9 -9 -9 -9 -9 -9 -9 -9 -9 55 65 83 76 83 86 92 93 92 70 71 80 85 79 90 90 93 95 88 73 77 85 92 87 80 75 79 82 80 89 81 92 92 89 86 85 87 88 92 94 92 94 95 95 94 94 96 89 94 92 88 63 86 87 90 90 88 89 92 93
-9 -9 -9 -9 -9 -9 -9 -9 -9 -9 -9 -9 -9 -9 -9 -9 -9 -9 -9 -9 -9 -9 -9 -9 -9 -9 -9 -9 -9 -9 -9 -9 -9 -9 -9 52 82 69 80 75 89 92 90 79 89 79 62 83 93 92 92 90 89 92 90 80 89 85 69 69 75 75 82 84 80 79 81 91 95 93 89 85 88 88 90 89 89 97 97 96 95 86 92 86 94 91 90 82 92 87 89 88 91 94 91 89
-9 -9 -9 -9 -9 -9 -9 -9 -9 -9 -9 -9 -9 -9 -9 -9 -9 -9 -9 -9 -9 -9 -9 -9 -9 -9 -9 -9 -9 -9 -9 -9 -9 -9 79 0 87 88 92 72 90 93 90 83 81 82 82 90 89 89 93 95 92 91 91 94 87 79 74 82 86 78 77 79 86 87 87 89 92 94 90 95 94 92 93 97 98 97 97 83 89 73 80 73 89 85 78 79 86 87 88 79 89 93 95 91
-9 -9 -9 -9 -9 -9 -9 -9 -9 -9 -9 -9 -9 -9 -9 -9 -9 -9 -9 -9 -9 -9 -9 -9 -9 -9 -9 -9 -9 -9 -9 -9 -9 -9 60 66 92 94 92 66 89 91 89 80 85 88 90 93 93 96 95 93 84 95 88 88 81 76 81 81 82 70 77 89 89 93 94 96 96 93 95 96 95 97 97 95 96 91 89 78 83 81 75 84 82 79 76 84 87 89 94 95 86 90 96 94
-9 -9 -9 -9 -9 -9 -9 -9 -9 -9 -9 -9 -9 -9 -9 -9 -9 -9 -9 -9 -9 -9 -9 -9 -9 -9 -9 -9 -9 -9 -9 -9 -9 -9 67 79 89 90 90 92 92 95 91 89 82 92 87 88 91 86 77 89 81 75 84 76 82 84 86 84 81 79 90 92 92 92 94 83 86 90 81 79 94 87 95 90 93 94 76 75 84 84 86 87 90 90 78 91 92 92 88 96 90 68 95 95
-9 -9 -9 -9 -9 -9 -9 -9 -9 -9 -9 -9 -9 -9 -9 -9 -9 -9 -9 -9 -9 -9 -9 -9 -9 -9 -9 -9 -9 -9 -9 -9 -9 69 59 79 79 86 89 72 76 85 85 66 82 79 75 82 83 87 88 91 78 74 85 79 82 82 87 93 83 94 92 92 88 91 93 93 89 80 77 78 89 87 85 87 77 71 78 85 76 68 87 82 87 88 92 89 93 92 89 89 94 80 84 97
-9 -9 -9 -9 -9 -9 -9 -9 -9 -9 -9 -9 -9 -9 -9 -9 -9 -9 -9 -9 -9 -9 -9 -9 -9 -9 -9 -9 -9 -9 -9 -9 -9 -9 56 76 84 80 78 57 76 83 71 74 83 76 89 89 89 93 93 93 91 83 90 90 76 86 89 95 94 96 96 88 73 77 84 90 92 93 91 90 85 92 59 60 72 87 86 90 88 90 81 82 89 92 94 93 93 93 93 91 91 84 78 93
-9 -9 -9 -9 -9 -9 -9 -9 -9 -9 -9 -9 -9 -9 -9 -9 -9 -9 -9 -9 -9 -9 -9 -9 -9 -9 -9 -9 -9 -9 -9 -9 -9 -9 84 62 59 79 61 76 92 80 89 83 84 85 85 89 94 84 94 93 92 93 93 93 95 93 92 93 93 95 93 78 77 66 73 68 74 88 93 90 94 83 77 72 91 89 87 93 93 90 88 92 91 93 96 96 89 89 96 95 95 92 86 85
-9 -9 -9 -9 -9 -9 -9 -9 -9 -9 -9 -9 -9 -9 -9 -9 -9 -9 -9 -9 -9 -9 -9 -9 -9 -9 -9 -9 -9 -9 -9 -9 -9 -9 79 81 71 91 93 92 92 88 77 70 84 86 93 93 82 90 74 64 67 70 66 65 65 65 68 78 77 80 88 71 82 78 88 86 93 93 90 83 73 76 79 87 87 79 77 90 95 95 93 92 94 95 96 96 95 72 93 97 96 91 92 80
-9 -9 -9 -9 -9 -9 -9 -9 -9 -9 -9 -9 -9 -9 -9 -9 -9 -9 -9 -9 -9 -9 -9 -9 -9 -9 -9 -9 -9 -9 -9 -9 -9 -9 -9 73 88 89 89 91 84 72 68 79 80 88 81 81 75 83 82 77 86 82 63 60 65 82 85 76 91 91 76 85 68 68 92 82 73 70 71 84 88 90 77 78 81 84 82 91 90 91 96 92 96 96 95 97 92 74 88 98 96 96 94 86
-9 -9 -9 -9 -9 -9 -9 -9 -9 -9 -9 -9 -9 -9 -9 -9 -9 -9 -9 -9 -9 -9 -9 -9 -9 -9 -9 -9 -9 -9 -9 -9 -9 -9 -9 88 88 86 90 90 88 71 76 82 86 78 83 83 84 82 61 73 85 82 70 70 84 91 93 94 92 85 91 91 76 59 60 73 79 89 86 89 92 85 75 79 87 69 87 91 93 96 94 94 96 97 95 89 95 80 87 97 94 97 92 90
-9 -9 -9 -9 -9 -9 -9 -9 -9 -9 -9 -9 -9 -9 -9 -9 -9 -9 -9 -9 -9 -9 -9 -9 -9 -9 -9 -9 -9 -9 -9 -9 -9 -9 91 92 90 82 89 91 82 86 87 83 84 77 78 73 78 76 62 71 65 54 65 75 72 74 76 59 71 62 58 57 51 90 84 90 87 84 91 80 74 77 89 87 68 92 91 91 93 93 94 90 97 98 97 96 91 94 77 97 94 96 95 92
-9 -9 -9 -9 -9 -9 -9 -9 -9 -9 -9 -9 -9 -9 -9 -9 -9 -9 -9 -9 -9 -9 -9 -9 -9 -9 -9 -9 -9 -9 -9 -9 -9 78 82 87 89 90 89 82 72 68 70 82 75 75 71 71 61 67 64 76 88 92 94 94 93 85 77 58 0 0 60 84 60 85 73 74 85 88 72 88 84 91 93 90 93 96 96 95 91 95 90 94 89 96 96 93 96 96 89 95 96 93 96 94
-9 -9 -9 -9 -9 -9 -9 -9 -9 -9 -9 -9 -9 -9 -9 -9 -9 -9 -9 -9 -9 -9 -9 -9 -9 -9 -9 -9 -9 -9 -9 -9 -9 83 85 87 90 84 91 74 67 81 72 79 73 77 78 74 69 67 69 94 88 82 0 0 0 0 0 68 84 81 79 80 77 83 82 83 83 77 71 83 82 87 73 93 96 97 96 95 95 94 97 97 88 97 97 96 96 94 94 75 95 94 96 91
-9 -9 -9 -9 -9 -9 -9 -9 -9 -9 -9 -9 -9 -9 -9 -9 -9 -9 -9 -9 -9 -9 -9 -9 -9 -9 -9 -9 -9 -9 -9 81 82 82 82 78 85 89 77 69 73 80 80 83 74 69 0 59 69 81 86 69 66 75 80 74 75 51 78 87 78 67 54 65 64 72 67 81 84 86 84 84 86 77 84 95 93 95 97 95 93 97 96 93 93 92 96 95 93 97 93 80 91 96 96 84
-9 -9 -9 -9 -9 -9 -9 -9 -9 -9 -9 -9 -9 -9 -9 -9 -9 -9 -9 -9 -9 -9 -9 -9 -9 -9 -9 -9 -9 -9 84 86 84 85 80 71 90 83 55 86 81 85 82 81 62 0 72 89 91 90 89 80 72 73 79 83 80 81 72 56 0 63 78 81 78 71 79 87 88 86 86 90 88 84 80 92 91 93 90 90 86 92 95 95 90 89 90 93 92 96 95 89 87 93 96 92
-9 -9 -9 -9 -9 -9 -9 -9 -9 -9 -9 -9 -9 -9 -9 -9 -9 -9 -9 -9 -9 -9 -9 -9 -9 -9 -9 -9 -9 87 87 79 65 79 90 85 73 73 58 79 78 82 75 56 56 80 82 67 67 66 0 0 59 70 75 60 77 66 54 67 85 85 88 80 75 81 84 89 89 87 87 88 91 91 93 94 87 93 93 91 88 75 69 92 95 94 81 88 93 93 92 93 88 87 93 91
-9 -9 -9 -9 -9 -9 -9 -9 -9 -9 -9 -9 -9 -9 -9 -9 -9 -9 -9 -9 -9 -9 -9 -9 -9 -9 -9 -9 91 85 77 62 63 86 81 76 63 79 76 73 82 73 84 79 77 70 0 0 0 0 60 76 81 70 64 68 0 63 65 85 88 93 88 80 81 77 86 90 91 90 92 95 95 86 94 92 93 94 89 92 85 85 84 92 95 92 80 82 83 94 92 92 92 87 90 91
-9 -9 -9 -9 -9 -9 -9 -9 -9 -9 -9 -9 -9 -9 -9 -9 -9 -9 -9 -9 -9 -9 -9 -9 -9 -9 -9 91 81 83 57 64 74 77 63 68 85 79 80 81 74 88 79 84 71 0 0 0 0 0 0 0 65 57 65 60 65 84 85 87 92 93 89 80 84 85 85 86 91 89 94 94 94 94 90 93 94 91 89 91 91 89 92 85 83 88 80 75 82 91 91 93 90 86 85 92
-9 -9 -9 -9 -9 -9 -9 -9 -9 -9 -9 -9 -9 -9 -9 -9 -9 -9 -9 -9 -9 -9 -9 -9 -9 -9 -9 77 78 67 70 66 71 57 62 76 59 76 78 77 82 73 67 0 0 0 65 70 73 63 69 0 52 78 79 60 68 77 84 90 90 84 84 86 85 86 81 87 90 92 95 94 92 95 93 87 89 92 89 93 91 93 89 84 83 87 87 87 89 90 94 92 87 86 87 84
-9 -9 -9 -9 -9 -9 -9 -9 -9 -9 -9 -9 -9 -9 -9 -9 -9 -9 -9 -9 -9 -9 -9 -9 -9 -9 66 69 66 69 76 74 65 60 74 0 63 77 80 74 57 65 68 58 74 72 72 75 73 60 0 54 79 80 72 76 88 88 87 86 86 87 90 85 86 81 76 74 80 92 93 95 95 91 91 86 92 95 92 92 92 94 91 88 87 88 87 88 94 90 93 92 83 82 87 84
-9 -9 -9 -9 -9 -9 -9 -9 -9 -9 -9 -9 -9 -9 -9 -9 -9 -9 -9 -9 -9 -9 -9 -9 55 59 73 72 68 83 77 74 55 77 0 67 81 85 67 0 0 67 58 71 0 59 73 52 0 0 56 56 81 71 73 81 91 92 78 80 91 90 88 88 85 83 86 80 92 94 94 93 92 94 94 90 92 93 93 94 95 95 93 92 87 86 91 93 93 84 84 91 76 84 89 88
-9 -9 -9 -9 -9 -9 -9 -9 -9 -9 -9 -9 -9 -9 -9 -9 -9 -9 -9 -9 -9 81 78 62 72 69 71 63 82 85 78 78 83 80 81 83 54 75 0 66 82 81 93 70 56 85 0 0 0 0 54 60 57 57 70 87 89 92 87 90 89 91 87 83 83 86 89 92 93 94 93 92 92 92 88 86 78 80 91 93 94 91 89 89 91 88 91 90 91 83 79 86 86 74 81 89
-9 -9 -9 -9 -9 -9 -9 -9 -9 -9 -9 -9 -9 -9 -9 -9 -9 -9 -9 -9 77 63 58 69 75 76 66 70 85 91 79 66 73 74 85 0 64 0 62 81 79 94 67 65 62 0 64 0 60 67 64 65 55 65 84 90 93 94 87 90 89 84 76 77 87 90 92 91 95 95 95 93 93 93 90 67 61 53 77 82 87 82 80 87 92 88 88 88 84 87 81 83 87 83 71 79
-9 -9 -9 -9 -9 -9 -9 -9 -9 -9 -9 -9 -9 -9 -9 -9 -9 -9 -9 66 70 70 63 68 73 70 63 79 88 78 57 59 0 77 0 62 52 0 73 84 80 74 66 0 0 53 74 66 87 73 61 58 64 84 89 95 93 92 87 91 85 70 71 87 94 93 92 94 92 93 95 92 95 94 79 52 55 62 74 59 0 62 77 90 92 82 90 93 88 74 55 69 91 80 77 66
-9 -9 -9 -9 -9 -9 -9 -9 -9 -9 -9 -9 -9 -9 -9 -9 -9 -9 75 77 73 65 72 76 86 77 69 70 0 51 54 70 0 0 72 0 0 56 80 72 68 63 0 0 0 0 0 57 71 53 0 0 83 86 87 80 88 89 88 88 86 78 75 85 90 92 94 94 93 92 91 93 96 91 81 53 63 0 0 0 0 0 62 87 93 81 76 81 65 54 0 0 64 77 66 74
-9 -9 -9 -9 -9 -9 -9 -9 -9 -9 -9 -9 -9 -9 -9 -9 -9 75 73 73 69 69 81 71 80 80 64 0 53 0 60 0 61 69 68 0 0 77 85 59 0 0 52 56 58 0 0 51 52 0 0 68 82 73 75 73 83 87 83 79 77 82 87 89 85 84 89 89 93 93 93 93 96 92 81 82 0 66 73 63 0 64 76 92 93 83 62 52 0 0 0 0 64 73 70 83
-9 -9 -9 -9 -9 -9 -9 -9 -9 -9 -9 -9 -9 -9 -9 -9 -9 70 74 71 73 82 79 73 0 0 51 54 0 0 0 63 73 55 0 0 57 83 0 0 0 0 54 56 55 0 72 81 0 0 0 68 82 74 63 61 74 71 64 58 75 84 83 92 89 93 88 89 88 93 93 94 93 93 86 80 62 75 80 58 64 75 89 93 82 72 58 0 0 0 0 0 58 70 72 85
-9 -9 -9 -9 -9 -9 -9 -9 -9 -9 -9 -9 -9 -9 -9 -9 -9 67 73 71 84 76 74 55 0 0 0 0 0 58 66 71 74 65 0 0 64 0 0 0 53 54 56 64 60 77 67 0 0 56 86 85 85 85 85 76 77 80 73 72 83 74 90 91 88 91 87 92 86 86 86 92 93 94 93 84 76 63 68 75 82 88 91 75 55 59 0 0 0 0 61 73 52 71 81 82
-9 -9 -9 -9 -9 -9 -9 -9 -9 -9 -9 -9 -9 -9 -9 -9 69 76 66 73 53 74 71 0 0 52 52 59 64 70 90 88 67 0 0 0 0 0 0 0 53 57 56 80 83 62 0 0 0 86 91 87 82 88 89 84 88 91 89 91 87 83 88 90 90 91 91 92 91 91 76 89 93 90 92 91 86 71 62 71 91 93 90 0 57 0 0 0 0 0 0 76 62 62 0 0
-9 -9 -9 -9 -9 -9 -9 -9 -9 -9 -9 -9 -9 -9 -9 -9 0 53 78 78 71 0 0 0 52 71 59 66 82 89 79 62 0 0 74 59 0 0 0 55 54 0 71 74 0 0 0 0 83 93 89 82 75 88 90 60 84 91 94 92 93 93 85 80 82 90 92 95 89 90 83 92 83 79 71 89 87 88 78 89 83 0 79 0 0 0 0 0 0 0 53 59 72 80 53 0
-9 -9 -9 -9 -9 -9 -9 -9 -9 -9 -9 -9 -9 -9 -9 -9 -9 58 85 74 72 60 58 64 0 0 0 86 81 71 56 0 62 68 60 0 0 0 0 0 0 75 76 0 0 0 74 91 93 83 80 77 77 86 86 80 89 89 91 91 85 85 78 73 78 92 94 93 93 93 94 90 82 91 73 76 75 72 91 89 0 0 87 0 0 0 0 0 0 55 72 0 81 69 0 0
-9 -9 -9 -9 -9 -9 -9 -9 -9 -9 -9 -9 -9 -9 -9 -9 -9 0 0 0 57 63 58 0 0 0 0 0 0 0 0 0 0 51 0 0 0 0 0 0 72 64 0 0 0 74 90 90 91 89 78 61 84 86 86 87 90 90 92 92 89 83 85 85 76 81 88 94 92 76 78 75 77 77 88 73 62 62 90 0 0 0 84 0 0 0 0 0 70 69 0 62 81 0 0 0
-9 -9 -9 -9 -9 -9 -9 -9 -9 -9 -9 -9 -9 -9 -9 -9 -9 63 70 0 59 0 0 0 66 51 0 0 0 53 65 0 0 0 0 0 0 0 0 73 66 0 0 51 88 93 93 92 90 75 0 76 86 84 88 89 90 89 92 92 91 91 77 88 87 75 89 89 67 71 73 75 86 87 91 68 69 64 80 0 0 0 60 0 0 0 0 0 58 0 0 57 0 0 0 0
-9 -9 -9 -9 -9 -9 -9 -9 -9 -9 -9 -9 -9 -9 -9 -9 72 52 0 65 76 74 0 0 52 0 0 65 78 81 57 0 0 0 0 0 0 0 59 65 0 0 0 86 93 90 92 86 73 52 71 86 75 88 89 91 89 92 89 94 94 86 83 79 79 77 86 88 83 85 79 62 61 61 87 81 0 75 63 0 0 0 70 0 0 0 0 68 0 54 0 0 0 0 0 0
-9 -9 -9 -9 -9 -9 -9 -9 -9 -9 -9 -9 -9 -9 -9 -9 72 56 0 52 0 0 54 66 60 57 63 85 80 0 0 0 0 0 0 0 74 80 68 0 0 0 54 88 92 92 90 82 76 65 80 84 85 90 84 90 91 94 93 93 91 88 86 65 82 81 83 86 78 75 76 67 79 69 63 86 93 74 70 0 0 0 0 0 0 0 0 55 0 0 0 0 0 0 0 0
-9 -9 -9 -9 -9 -9 -9 -9 -9 -9 -9 -9 -9 -9 -9 70 61 0 0 60 0 0 0 0 0 0 74 72 0 0 0 0 0 0 0 78 78 86 85 80 54 76 86 82 85 91 87 86 87 70 84 89 89 92 88 92 91 84 89 93 89 89 85 69 88 80 78 82 91 90 89 82 71 0 0 0 0 62 64 57 0 0 0 0 0 0 0 0 61 0 0 0 0 0 0 0
-9 -9 -9 -9 -9 -9 -9 -9 -9 -9 -9 -9 -9 0 0 0 0 0 67 72 0 0 0 0 0 79 75 52 0 0 0 66 60 56 82 92 91 90 88 68 56 76 84 89 89 84 89 83 82 82 90 90 91 87 91 85 89 87 88 91 55 86 90 79 86 78 78 90 88 88 84 71 60 72 66 54 0 0 0 0 0 0 0 0 0 0 0 0 56 0 0 0 0 0 0 0
-9 -9 -9 -9 -9 -9 -9 -9 -9 -9 -9 -9 0 0 68 0 58 58 64 69 63 58 0 0 63 71 0 0 0 0 64 75 87 86 90 89 88 93 64 0 66 78 88 91 86 89 88 83 81 91 93 88 89 89 91 85 74 73 88 76 0 0 90 80 90 76 80 74 76 83 61 63 0 0 0 0 0 0 0 0 0 0 0 0 57 0 0 0 0 0 0 0 0 0 0 0
-9 -9 -9 -9 -9 -9 -9 -9 -9 -9 -9 0 0 57 0 57 57 66 0 0 0 0 60 69 71 0 0 0 0 64 84 88 84 89 89 91 90 79 62 0 83 89 89 87 81 88 88 84 90 93 91 93 93 92 91 94 90 57 0 0 0 0 62 87 87 78 72 65 61 74 0 0 0 0 0 0 0 0 0 0 0 0 0 0 53 0 60 0 52 0 0 0 0 0 0 0
-9 -9 -9 -9 -9 -9 -9 -9 -9 -9 0 0 58 54 61 57 0 0 0 0 73 71 64 67 0 0 0 0 82 82 79 89 81 91 90 92 84 56 0 79 86 76 81 84 81 83 86 84 92 94 95 91 91 91 94 89 0 0 0 0 0 0 0 91 86 67 70 52 62 62 72 74 0 0 0 0 0 0 0 0 0 54 65 56 79 77 74 55 0 67 0 0 0 0 0 0
-9 -9 -9 -9 -9 -9 -9 -9 -9 0 0 55 61 0 0 0 0 0 0 0 85 0 0 61 52 0 0 0 83 72 89 87 81 91 79 86 69 0 70 88 85 84 84 78 91 87 88 78 92 92 54 0 67 0 62 84 64 65 53 0 0 0 0 63 83 78 77 66 56 65 63 79 0 0 0 0 0 0 0 0 60 0 0 0 0 0 0 0 0 0 55 0 0 0 0 0
-9 -9 -9 -9 -9 -9 -9 59 0 0 60 0 0 0 0 0 0 0 0 0 0 0 61 53 64 0 0 60 85 82 91 83 85 89 79 72 59 58 82 77 73 76 89 89 89 78 87 60 88 88 0 0 0 0 0 63 0 0 0 0 0 0 0 0 0 53 81 69 56 0 63 53 0 0 0 0 0 0 0 53 0 0 0 0 0 0 0 0 0 0 0 0 0 0 0 0
-9 -9 -9 -9 -9 -9 58 0 57 61 0 0 0 0 0 0 0 0 0 0 0 0 61 0 53 0 0 82 86 85 87 86 79 82 81 64 69 84 88 76 71 84 85 78 73 68 77 57 89 51 0 0 0 0 0 0 0 0 0 0 0 0 0 0 0 0 0 56 75 67 0 59 53 0 0 0 0 59 0 0 0 0 0 0 0 0 0 0 0 0 0 0 0 0 0 0
-9 -9 -9 -9 -9 71 54 71 75 0 0 0 0 0 0 0 56 0 0 56 0 54 0 54 0 0 0 86 82 88 87 80 86 84 69 57 86 87 86 71 77 88 79 72 74 78 66 57 85 0 0 0 0 0 57 0 0 0 0 0 74 80 86 87 90 86 82 0 51 71 67 0 0 0 0 0 0 0 0 0 0 0 0 0 0 0 0 0 0 0 0 0 0 0 0 0
-9 -9 -9 -9 -9 69 76 71 0 0 0 0 0 0 0 0 54 0 0 0 0 68 67 0 0 0 67 85 79 70 77 85 87 84 76 71 81 86 86 86 77 75 76 79 71 79 70 59 53 0 81 60 0 0 0 0 0 0 0 82 83 68 59 58 63 86 58 0 0 0 82 67 0 0 0 0 0 0 0 0 0 0 0 0 0 0 0 0 0 0 0 0 0 0 0 0
-9 -9 -9 -9 -9 74 73 0 0 0 0 0 0 0 0 0 0 0 0 0 61 66 59 0 0 0 69 84 84 77 86 86 82 81 79 84 75 81 88 88 85 85 80 77 77 76 81 52 0 81 73 0 0 0 0 0 0 55 86 71 0 0 0 0 0 81 0 0 0 0 83 52 0 0 0 0 0 0 0 0 0 0 60 0 0 0 0 0 0 0 0 0 0 0 0 0
-9 -9 -9 -9 77 62 0 0 0 0 0 0 0 0 59 0 0 0 0 53 66 59 56 0 0 0 0 88 78 83 88 85 66 86 83 82 72 87 87 91 86 83 87 93 88 75 57 0 80 63 0 0 0 0 0 0 0 60 63 0 0 0 0 68 69 0 0 0 0 70 76 0 0 0 0 0 0 0 0 0 0 0 0 0 0 0 0 0 0 0 0 0 0 0 0 0
-9 -9 -9 -9 81 0 0 0 0 0 0 0 0 0 0 0 0 0 0 64 57 62 59 0 0 0 0 78 75 84 83 70 55 80 85 85 72 87 78 81 75 88 0 0 64 72 63 75 0 0 0 0 0 0 0 0 0 62 68 0 0 0 0 0 0 0 0 0 71 63 0 0 0 0 0 0 0 0 0 0 0 0 0 0 0 0 0 0 0 0 0 0 0 0 0 0
-9 -9 -9 -9 55 0 0 0 0 0 0 0 57 0 0 0 0 0 0 65 0 59 53 0 0 0 0 64 68 88 83 57 61 68 62 73 73 84 87 78 81 65 0 0 0 61 74 69 0 0 0 0 0 0 0 0 0 0 70 0 0 0 0 0 0 0 0 57 78 59 0 0 0 0 0 0 0 0 0 0 0 0 0 0 0 0 0 0 0 0 0 0 0 0 0 0
