data/habitatmaps/RK_hsi_2km_2009.asc
NCOLS 183 
NROWS 114 
XLLCORNER 479000 
YLLCORNER 73000 
CELLSIZE 2000 
NODATA_value -9 
[rows 0 to 71 of 114, columns 0 to 95 of 183]
-9 -9 -9 -9 -9 -9 -9 -9 -9 -9 -9 -9 -9 -9 -9 -9 -9 -9 -9 -9 -9 -9 -9 -9 -9 -9 -9 -9 -9 -9 -9 -9 -9 -9 -9 -9 -9 -9 -9 -9 -9 -9 -9 -9 -9 -9 -9 -9 -9 -9 -9 -9 -9 -9 -9 -9 -9 -9 -9 -9 -9 -9 -9 -9 -9 -9 -9 -9 -9 -9 -9 -9 -9 -9 -9 -9 -9 -9 -9 -9 -9 -9 -9 -9 -9 -9 -9 -9 -9 -9 -9 -9 -9 -9 -9 -9
-9 -9 -9 -9 -9 -9 -9 -9 -9 -9 -9 -9 -9 -9 -9 -9 -9 -9 -9 -9 -9 -9 -9 -9 -9 -9 -9 -9 -9 -9 -9 -9 -9 -9 -9 -9 -9 -9 -9 -9 -9 -9 -9 -9 -9 -9 -9 -9 -9 -9 -9 -9 -9 -9 -9 -9 -9 -9 -9 -9 -9 -9 -9 -9 -9 -9 -9 -9 -9 -9 -9 -9 -9 -9 -9 -9 -9 -9 -9 -9 -9 -9 -9 -9 -9 -9 -9 -9 -9 -9 -9 -9 -9 -9 -9 80
-9 -9 -9 -9 -9 -9 -9 -9 -9 -9 -9 -9 -9 -9 -9 -9 -9 -9 -9 -9 -9 -9 -9 -9 -9 -9 -9 -9 -9 -9 -9 -9 -9 -9 -9 -9 -9 -9 -9 -9 -9 -9 -9 -9 -9 -9 -9 -9 -9 -9 -9 -9 -9 -9 -9 -9 -9 -9 -9 -9 -9 -9 -9 -9 -9 -9 -9 -9 -9 -9 -9 -9 -9 -9 -9 -9 -9 -9 -9 -9 -9 -9 -9 -9 -9 -9 -9 -9 -9 -9 -9 -9 -9 -9 64 69
-9 -9 -9 -9 -9 -9 -9 -9 -9 -9 -9 -9 -9 -9 -9 -9 -9 -9 -9 -9 -9 -9 -9 -9 -9 -9 -9 -9 -9 -9 -9 -9 -9 -9 -9 -9 -9 -9 -9 -9 -9 -9 -9 -9 -9 -9 -9 -9 -9 -9 -9 -9 -9 -9 -9 -9 -9 -9 -9 -9 -9 -9 -9 -9 -9 -9 -9 -9 -9 -9 -9 -9 -9 -9 -9 -9 -9 -9 -9 -9 -9 -9 -9 -9 -9 -9 -9 -9 -9 -9 -9 -9 -9 0 74 72
-9 -9 -9 -9 -9 -9 -9 -9 -9 -9 -9 -9 -9 -9 -9 -9 -9 -9 -9 -9 -9 -9 -9 -9 -9 -9 -9 -9 -9 -9 -9 -9 -9 -9 -9 -9 -9 -9 -9 -9 -9 -9 -9 -9 -9 -9 -9 -9 -9 -9 -9 -9 -9 -9 -9 -9 -9 -9 -9 -9 -9 -9 -9 -9 -9 -9 -9 -9 -9 -9 -9 -9 -9 -9 -9 -9 -9 -9 -9 -9 -9 -9 -9 -9 -9 -9 -9 -9 -9 -9 -9 -9 -9 0 71 77
-9 -9 -9 -9 -9 -9 -9 -9 -9 -9 -9 -9 -9 -9 -9 -9 -9 -9 -9 -9 -9 -9 -9 -9 -9 -9 -9 -9 -9 -9 -9 -9 -9 -9 -9 -9 -9 -9 -9 -9 -9 -9 -9 -9 -9 -9 -9 -9 -9 -9 -9 -9 -9 -9 -9 -9 -9 -9 -9 -9 -9 -9 -9 -9 -9 -9 -9 -9 -9 -9 -9 -9 -9 -9 -9 -9 -9 -9 -9 -9 -9 -9 -9 -9 -9 -9 -9 -9 -9 -9 -9 -9 0 70 76 76
-9 -9 -9 -9 -9 -9 -9 -9 -9 -9 -9 -9 -9 -9 -9 -9 -9 -9 -9 -9 -9 -9 -9 -9 -9 -9 -9 -9 -9 -9 -9 -9 -9 -9 -9 -9 -9 -9 -9 -9 -9 -9 -9 -9 -9 -9 -9 -9 -9 -9 -9 -9 -9 -9 -9 -9 -9 -9 -9 -9 -9 -9 -9 -9 -9 -9 -9 -9 -9 -9 -9 -9 -9 -9 -9 -9 -9 -9 -9 -9 -9 -9 -9 -9 -9 -9 -9 -9 -9 -9 -9 -9 56 75 66 75
-9 -9 -9 -9 -9 -9 -9 -9 -9 -9 -9 -9 -9 -9 -9 -9 -9 -9 -9 -9 -9 -9 -9 -9 -9 -9 -9 -9 -9 -9 -9 -9 -9 -9 -9 -9 -9 -9 -9 -9 -9 -9 -9 -9 -9 -9 -9 -9 -9 -9 -9 -9 -9 -9 -9 -9 -9 -9 -9 -9 -9 -9 -9 -9 -9 -9 -9 -9 -9 -9 -9 -9 -9 -9 -9 -9 -9 -9 -9 -9 -9 -9 -9 -9 -9 -9 -9 -9 -9 0 69 68 81 85 83 81
-9 -9 -9 -9 -9 -9 -9 -9 -9 -9 -9 -9 -9 -9 -9 -9 -9 -9 -9 -9 -9 -9 -9 -9 -9 -9 -9 -9 -9 -9 -9 -9 -9 -9 -9 -9 -9 -9 -9 -9 -9 -9 -9 -9 -9 -9 -9 -9 -9 -9 -9 -9 -9 -9 -9 -9 -9 -9 -9 -9 -9 -9 -9 -9 -9 -9 -9 -9 -9 58 -9 -9 -9 -9 -9 -9 -9 -9 -9 -9 -9 -9 -9 -9 -9 -9 58 74 66 67 72 82 86 86 74 78
-9 -9 -9 -9 -9 -9 -9 -9 -9 -9 -9 -9 -9 -9 -9 -9 -9 -9 -9 -9 -9 -9 -9 -9 -9 -9 -9 -9 -9 -9 -9 -9 -9 -9 -9 -9 -9 -9 -9 -9 -9 -9 -9 -9 -9 -9 -9 -9 -9 -9 -9 -9 -9 -9 -9 -9 -9 -9 -9 -9 -9 -9 -9 -9 -9 82 68 76 79 65 64 78 80 -9 -9 65 69 59 -9 -9 -9 -9 -9 -9 62 77 68 78 74 83 79 84 81 78 80 75
-9 -9 -9 -9 -9 -9 -9 -9 -9 -9 -9 -9 -9 -9 -9 -9 -9 -9 -9 -9 -9 -9 -9 -9 -9 -9 -9 -9 -9 -9 -9 -9 -9 -9 -9 -9 -9 -9 -9 -9 -9 -9 -9 -9 -9 -9 -9 -9 -9 -9 -9 -9 -9 -9 -9 -9 -9 -9 -9 -9 -9 -9 0 0 81 72 56 61 80 79 66 64 66 78 65 75 88 67 60 52 55 -9 72 71 68 70 76 87 88 81 78 72 72 72 80 73
-9 -9 -9 -9 -9 -9 -9 -9 -9 -9 -9 -9 -9 -9 -9 -9 -9 -9 -9 -9 -9 -9 -9 -9 -9 -9 -9 -9 -9 -9 -9 -9 -9 -9 -9 -9 -9 -9 -9 -9 -9 -9 -9 -9 -9 -9 -9 -9 -9 -9 -9 -9 -9 -9 -9 -9 -9 -9 -9 -9 -9 0 0 0 0 0 0 59 74 85 81 84 76 84 85 90 89 77 60 65 66 72 72 76 81 78 87 84 86 81 73 66 69 56 70 86
-9 -9 -9 -9 -9 -9 -9 -9 -9 -9 -9 -9 -9 -9 -9 -9 -9 -9 -9 -9 -9 -9 -9 -9 -9 -9 -9 -9 -9 -9 -9 -9 -9 -9 -9 -9 -9 -9 -9 -9 -9 -9 -9 -9 -9 -9 -9 -9 -9 -9 -9 -9 -9 -9 -9 -9 -9 -9 -9 -9 0 0 0 0 0 0 0 0 87 64 87 91 90 88 95 95 90 84 76 80 76 81 60 69 71 78 85 84 77 65 68 0 55 80 87 91
-9 -9 -9 -9 -9 -9 -9 -9 -9 -9 -9 -9 -9 -9 -9 -9 -9 -9 -9 -9 -9 -9 -9 -9 -9 -9 -9 -9 -9 -9 -9 -9 -9 -9 -9 -9 -9 -9 -9 -9 -9 -9 -9 -9 -9 -9 -9 -9 -9 -9 -9 -9 -9 -9 -9 -9 -9 -9 -9 85 58 55 0 0 0 0 0 82 65 87 70 73 95 90 88 87 83 87 72 78 81 79 81 78 67 78 75 68 0 0 53 69 78 90 84 82
-9 -9 -9 -9 -9 -9 -9 -9 -9 -9 -9 -9 -9 -9 -9 -9 -9 -9 -9 -9 -9 -9 -9 -9 -9 -9 -9 -9 -9 -9 -9 -9 -9 -9 -9 -9 -9 -9 -9 -9 -9 -9 -9 59 72 72 70 71 63 77 0 67 -9 -9 -9 -9 -9 -9 85 86 70 54 0 0 0 0 0 0 0 89 82 68 88 75 62 52 59 78 67 89 83 78 82 80 75 69 60 61 72 81 73 83 68 85 87 93
-9 -9 -9 -9 -9 -9 -9 -9 -9 -9 -9 -9 -9 -9 -9 -9 -9 -9 -9 -9 -9 -9 -9 -9 -9 -9 -9 -9 -9 -9 -9 -9 -9 -9 -9 -9 -9 -9 -9 -9 70 70 63 76 69 72 75 69 63 75 65 63 78 76 68 -9 -9 87 86 87 69 62 55 0 0 0 52 0 56 92 90 68 57 59 0 0 0 53 53 79 83 78 81 83 74 0 79 88 87 77 56 83 83 73 82 87
-9 -9 -9 -9 -9 -9 -9 -9 -9 -9 -9 -9 -9 -9 -9 -9 -9 -9 -9 -9 -9 -9 -9 -9 -9 -9 -9 -9 -9 -9 -9 -9 -9 -9 -9 -9 -9 -9 -9 69 70 60 73 69 64 56 69 66 79 71 83 79 82 84 84 72 87 91 86 87 82 77 63 53 0 0 0 0 86 77 59 78 0 0 0 0 71 57 0 76 60 80 65 74 71 75 83 88 93 83 64 84 83 88 86 85
-9 -9 -9 -9 -9 -9 -9 -9 -9 -9 -9 -9 -9 -9 -9 -9 -9 -9 -9 -9 -9 -9 -9 -9 -9 -9 -9 -9 -9 -9 -9 -9 -9 -9 -9 -9 -9 -9 0 73 66 71 70 76 58 54 0 76 72 79 83 86 81 84 86 85 85 87 89 93 91 79 76 63 56 0 0 0 0 0 0 0 0 60 59 87 91 88 75 58 56 59 74 82 85 79 88 93 92 83 68 89 89 93 91 88
-9 -9 -9 -9 -9 -9 -9 -9 -9 -9 -9 -9 -9 -9 -9 -9 -9 -9 -9 -9 -9 -9 -9 -9 -9 -9 -9 -9 -9 -9 -9 -9 -9 -9 -9 -9 -9 -9 0 64 68 68 81 77 78 78 81 85 80 85 80 86 87 86 91 92 82 86 92 91 92 80 80 83 82 0 54 0 54 0 0 59 80 87 86 94 92 86 93 89 93 86 89 87 94 89 90 87 78 64 74 84 85 89 93 91
-9 -9 -9 -9 -9 -9 -9 -9 -9 -9 -9 -9 -9 -9 -9 -9 -9 -9 -9 -9 -9 -9 -9 -9 -9 -9 -9 -9 -9 -9 -9 -9 -9 -9 -9 -9 -9 -9 61 78 76 79 83 83 78 74 77 86 91 92 89 84 87 93 95 90 83 83 84 88 89 83 83 82 55 84 0 80 75 88 86 87 90 94 89 95 95 95 92 93 94 89 80 91 94 92 91 88 78 77 75 90 87 93 91 94
-9 -9 -9 -9 -9 -9 -9 -9 -9 -9 -9 -9 -9 -9 -9 -9 -9 -9 -9 -9 -9 -9 -9 -9 -9 -9 -9 -9 -9 -9 -9 -9 -9 -9 -9 -9 -9 0 65 74 85 86 91 75 78 85 75 78 74 76 75 70 91 93 91 92 92 92 82 83 82 84 89 72 0 63 0 85 72 79 85 56 70 79 91 94 95 95 93 92 90 87 93 92 88 92 92 91 62 69 59 84 88 94 94 95
-9 -9 -9 -9 -9 -9 -9 -9 -9 -9 -9 -9 -9 -9 -9 -9 -9 -9 -9 -9 -9 -9 -9 -9 -9 -9 -9 -9 -9 -9 -9 -9 -9 -9 -9 -9 -9 57 74 86 92 92 86 84 78 0 81 84 86 85 88 86 92 93 94 92 85 87 83 85 80 94 92 89 87 83 0 83 82 93 84 79 80 89 91 93 92 95 91 84 89 92 95 89 95 93 90 71 79 86 89 95 93 89 94 93
-9 -9 -9 -9 -9 -9 -9 -9 -9 -9 -9 -9 -9 -9 -9 -9 -9 -9 -9 -9 -9 -9 -9 -9 -9 -9 -9 -9 -9 -9 -9 -9 -9 -9 -9 -9 55 65 83 76 83 86 92 92 92 68 69 78 85 79 91 90 93 95 88 75 78 85 92 88 80 75 78 81 80 89 80 92 92 89 86 84 86 86 92 94 91 94 94 95 93 94 96 89 94 91 88 63 86 87 88 89 88 89 92 93
-9 -9 -9 -9 -9 -9 -9 -9 -9 -9 -9 -9 -9 -9 -9 -9 -9 -9 -9 -9 -9 -9 -9 -9 -9 -9 -9 -9 -9 -9 -9 -9 -9 -9 -9 54 84 69 80 75 89 92 91 79 88 75 58 80 93 92 92 90 89 92 90 81 89 85 70 71 75 75 82 84 80 78 79 91 95 92 88 85 88 87 89 88 88 97 97 96 95 87 92 86 94 91 90 82 92 87 89 88 91 95 91 89
-9 -9 -9 -9 -9 -9 -9 -9 -9 -9 -9 -9 -9 -9 -9 -9 -9 -9 -9 -9 -9 -9 -9 -9 -9 -9 -9 -9 -9 -9 -9 -9 -9 -9 79 0 89 88 92 72 90 93 90 82 80 79 80 89 88 88 93 95 92 91 91 94 87 79 74 83 85 79 77 78 86 87 83 88 92 94 89 95 94 92 93 97 97 97 96 81 89 72 79 72 88 85 77 79 86 87 88 79 89 93 95 91
-9 -9 -9 -9 -9 -9 -9 -9 -9 -9 -9 -9 -9 -9 -9 -9 -9 -9 -9 -9 -9 -9 -9 -9 -9 -9 -9 -9 -9 -9 -9 -9 -9 -9 60 67 93 94 92 66 89 91 89 80 82 86 90 92 93 96 95 93 84 95 88 88 81 76 81 81 82 70 76 88 88 93 94 95 96 93 95 96 95 97 96 95 96 90 88 78 83 81 75 82 80 77 75 82 86 88 94 95 86 90 96 94
-9 -9 -9 -9 -9 -9 -9 -9 -9 -9 -9 -9 -9 -9 -9 -9 -9 -9 -9 -9 -9 -9 -9 -9 -9 -9 -9 -9 -9 -9 -9 -9 -9 -9 67 79 89 90 90 92 92 94 91 88 80 92 86 87 89 87 77 89 81 72 82 74 82 84 86 85 80 79 90 92 92 91 94 82 84 89 81 78 94 87 95 90 93 94 76 75 84 84 86 87 89 89 78 89 91 92 87 96 91 66 94 95
-9 -9 -9 -9 -9 -9 -9 -9 -9 -9 -9 -9 -9 -9 -9 -9 -9 -9 -9 -9 -9 -9 -9 -9 -9 -9 -9 -9 -9 -9 -9 -9 -9 69 59 79 79 86 89 71 77 84 84 66 81 79 75 83 84 87 87 91 78 74 82 77 82 82 87 93 84 93 92 92 89 89 91 93 89 80 77 79 89 87 85 87 78 72 78 85 76 68 87 82 86 87 91 89 93 92 89 88 93 85 81 95
-9 -9 -9 -9 -9 -9 -9 -9 -9 -9 -9 -9 -9 -9 -9 -9 -9 -9 -9 -9 -9 -9 -9 -9 -9 -9 -9 -9 -9 -9 -9 -9 -9 -9 56 76 84 80 78 57 76 83 71 74 83 77 89 90 89 93 93 93 91 81 89 89 74 85 89 95 94 96 96 88 73 76 83 90 92 93 91 90 85 92 58 59 70 86 85 90 88 90 81 82 87 91 93 92 92 93 92 89 90 87 79 91
-9 -9 -9 -9 -9 -9 -9 -9 -9 -9 -9 -9 -9 -9 -9 -9 -9 -9 -9 -9 -9 -9 -9 -9 -9 -9 -9 -9 -9 -9 -9 -9 -9 -9 84 62 59 79 61 76 92 83 89 83 85 84 84 88 94 83 93 93 92 93 93 93 94 93 92 93 94 95 93 77 77 66 70 67 73 88 92 90 94 83 77 72 90 88 86 92 92 90 88 91 90 92 95 95 87 88 95 94 95 91 85 84
-9 -9 -9 -9 -9 -9 -9 -9 -9 -9 -9 -9 -9 -9 -9 -9 -9 -9 -9 -9 -9 -9 -9 -9 -9 -9 -9 -9 -9 -9 -9 -9 -9 -9 79 81 71 90 93 92 92 89 77 70 82 86 93 93 82 90 74 63 66 70 68 66 64 64 70 78 76 80 88 70 81 78 88 85 93 93 91 83 72 76 79 87 87 77 74 90 94 94 91 92 94 95 95 95 94 70 92 96 96 91 91 80
-9 -9 -9 -9 -9 -9 -9 -9 -9 -9 -9 -9 -9 -9 -9 -9 -9 -9 -9 -9 -9 -9 -9 -9 -9 -9 -9 -9 -9 -9 -9 -9 -9 -9 -9 73 88 89 89 91 84 72 68 78 78 86 80 82 76 83 81 75 85 81 63 60 65 81 84 76 91 92 76 85 67 68 91 82 74 71 72 84 88 90 74 77 81 84 83 89 90 89 95 92 96 96 94 96 90 73 87 96 95 95 91 83
-9 -9 -9 -9 -9 -9 -9 -9 -9 -9 -9 -9 -9 -9 -9 -9 -9 -9 -9 -9 -9 -9 -9 -9 -9 -9 -9 -9 -9 -9 -9 -9 -9 -9 -9 88 88 86 90 90 88 71 73 82 86 77 82 83 81 82 62 74 86 83 70 69 84 91 93 94 93 84 90 91 76 58 60 72 78 89 86 89 92 85 75 79 87 69 87 89 92 95 93 94 96 96 95 86 94 80 87 97 93 96 88 89
-9 -9 -9 -9 -9 -9 -9 -9 -9 -9 -9 -9 -9 -9 -9 -9 -9 -9 -9 -9 -9 -9 -9 -9 -9 -9 -9 -9 -9 -9 -9 -9 -9 -9 91 92 91 82 89 91 82 86 84 83 82 75 76 71 75 76 62 69 63 52 65 75 72 74 74 59 71 62 58 57 0 90 82 89 86 84 91 80 74 77 89 86 67 92 91 90 92 93 92 88 97 96 95 95 89 93 77 97 94 94 93 92
-9 -9 -9 -9 -9 -9 -9 -9 -9 -9 -9 -9 -9 -9 -9 -9 -9 -9 -9 -9 -9 -9 -9 -9 -9 -9 -9 -9 -9 -9 -9 -9 -9 78 83 87 89 90 89 82 72 68 69 80 74 69 72 69 56 59 64 76 87 92 94 94 93 83 76 57 0 0 60 84 60 85 71 73 85 87 72 88 84 91 93 89 92 96 96 94 89 94 89 91 86 93 94 90 95 94 89 95 96 92 95 93
-9 -9 -9 -9 -9 -9 -9 -9 -9 -9 -9 -9 -9 -9 -9 -9 -9 -9 -9 -9 -9 -9 -9 -9 -9 -9 -9 -9 -9 -9 -9 -9 -9 83 86 87 90 84 91 74 67 80 71 77 73 79 77 73 68 64 67 94 87 81 0 0 0 0 0 68 83 81 79 80 77 83 80 82 82 77 69 82 81 87 72 91 95 95 95 94 94 94 96 96 85 96 95 95 95 92 93 75 95 94 95 89
-9 -9 -9 -9 -9 -9 -9 -9 -9 -9 -9 -9 -9 -9 -9 -9 -9 -9 -9 -9 -9 -9 -9 -9 -9 -9 -9 -9 -9 -9 -9 82 82 81 82 78 83 89 77 70 75 80 80 81 76 71 0 60 68 80 86 71 66 74 75 71 74 51 77 84 74 64 54 65 64 72 67 81 84 86 83 82 84 78 81 93 91 94 96 94 92 96 95 93 92 91 94 94 91 96 91 80 91 95 95 83
-9 -9 -9 -9 -9 -9 -9 -9 -9 -9 -9 -9 -9 -9 -9 -9 -9 -9 -9 -9 -9 -9 -9 -9 -9 -9 -9 -9 -9 -9 84 86 84 85 81 72 90 83 56 86 81 86 80 80 63 0 72 88 90 90 89 81 72 71 76 80 80 81 72 54 0 61 78 81 78 71 78 87 88 86 84 88 87 84 78 91 89 92 89 90 85 92 94 94 89 87 88 92 91 95 93 88 87 93 96 92
-9 -9 -9 -9 -9 -9 -9 -9 -9 -9 -9 -9 -9 -9 -9 -9 -9 -9 -9 -9 -9 -9 -9 -9 -9 -9 -9 -9 -9 87 87 79 65 78 91 85 74 73 57 78 75 81 74 53 55 81 82 67 66 65 0 0 55 70 75 58 76 66 54 65 85 84 87 79 75 81 83 89 89 87 87 86 89 90 91 92 86 92 90 89 86 72 66 91 94 93 81 88 92 92 92 92 88 87 93 91
-9 -9 -9 -9 -9 -9 -9 -9 -9 -9 -9 -9 -9 -9 -9 -9 -9 -9 -9 -9 -9 -9 -9 -9 -9 -9 -9 -9 91 85 77 62 63 86 81 76 63 79 77 75 82 72 82 76 77 67 0 0 0 0 52 72 80 71 64 65 52 64 65 84 87 92 86 80 81 77 86 90 91 89 91 93 93 85 92 91 92 93 88 90 84 83 82 91 92 90 80 82 82 92 92 92 90 86 90 91
-9 -9 -9 -9 -9 -9 -9 -9 -9 -9 -9 -9 -9 -9 -9 -9 -9 -9 -9 -9 -9 -9 -9 -9 -9 -9 -9 91 80 83 56 63 74 77 63 68 83 77 78 81 77 87 76 81 65 0 0 0 0 0 0 0 65 57 65 60 68 85 85 86 90 92 88 80 84 85 85 86 91 88 92 91 93 92 89 91 92 90 88 91 89 88 91 83 82 85 78 75 80 89 91 93 90 86 85 92
-9 -9 -9 -9 -9 -9 -9 -9 -9 -9 -9 -9 -9 -9 -9 -9 -9 -9 -9 -9 -9 -9 -9 -9 -9 -9 -9 77 78 69 69 67 72 57 61 73 54 73 77 77 81 71 67 0 0 0 65 70 73 64 69 0 52 77 77 60 68 78 84 90 90 84 84 86 85 86 81 87 89 91 92 92 90 93 90 86 88 91 88 92 89 92 88 82 80 85 85 86 87 88 94 91 87 86 87 84
-9 -9 -9 -9 -9 -9 -9 -9 -9 -9 -9 -9 -9 -9 -9 -9 -9 -9 -9 -9 -9 -9 -9 -9 -9 -9 67 69 67 69 76 74 64 60 73 0 58 75 79 75 56 61 65 58 73 72 72 74 72 60 0 55 79 79 71 74 87 87 88 87 86 87 90 85 86 81 76 75 79 90 90 92 92 89 90 84 88 93 91 91 91 93 90 87 86 87 87 86 91 89 92 91 83 82 86 83
-9 -9 -9 -9 -9 -9 -9 -9 -9 -9 -9 -9 -9 -9 -9 -9 -9 -9 -9 -9 -9 -9 -9 -9 55 60 73 72 68 83 77 74 55 77 0 66 78 84 67 0 0 63 56 71 0 59 73 53 0 0 56 56 81 72 73 79 89 91 80 82 91 90 88 88 85 82 86 80 91 92 91 90 90 91 91 86 89 91 93 93 94 94 92 92 87 86 90 91 90 83 82 90 75 84 87 87
-9 -9 -9 -9 -9 -9 -9 -9 -9 -9 -9 -9 -9 -9 -9 -9 -9 -9 -9 -9 -9 82 78 62 73 70 72 63 82 85 78 78 82 79 80 82 54 74 0 66 81 81 93 70 58 85 0 0 0 0 54 60 57 58 71 87 87 90 87 92 90 92 87 83 83 86 89 91 92 92 91 88 90 87 84 83 75 79 89 91 93 89 88 88 91 88 91 89 90 82 79 86 86 74 79 87
-9 -9 -9 -9 -9 -9 -9 -9 -9 -9 -9 -9 -9 -9 -9 -9 -9 -9 -9 -9 77 63 58 70 75 76 66 70 85 91 79 65 72 75 85 0 63 0 61 80 79 94 67 67 65 0 65 0 59 68 64 66 58 64 84 87 91 92 87 91 90 84 77 77 87 90 91 90 93 92 92 91 91 91 89 65 62 53 77 80 79 80 79 86 92 88 88 88 84 87 81 83 87 83 71 79
-9 -9 -9 -9 -9 -9 -9 -9 -9 -9 -9 -9 -9 -9 -9 -9 -9 -9 -9 66 70 70 63 68 73 70 63 79 88 78 59 61 0 78 0 63 54 0 72 83 80 74 66 51 0 54 74 66 86 73 58 58 64 83 88 94 92 91 87 91 86 71 73 87 93 91 90 92 90 92 92 91 93 92 76 52 52 54 68 57 0 62 76 90 92 83 91 93 88 74 55 61 91 80 77 66
-9 -9 -9 -9 -9 -9 -9 -9 -9 -9 -9 -9 -9 -9 -9 -9 -9 -9 76 77 73 66 73 76 86 77 69 70 0 52 57 70 0 0 72 0 0 57 80 69 67 63 0 0 0 0 0 57 70 51 0 0 83 85 86 78 86 89 88 88 86 78 75 84 88 90 91 92 92 91 90 92 94 88 78 53 61 0 0 0 0 0 62 87 93 81 77 81 64 52 0 0 55 76 66 74
-9 -9 -9 -9 -9 -9 -9 -9 -9 -9 -9 -9 -9 -9 -9 -9 -9 76 73 73 69 69 81 72 80 80 63 0 53 54 62 0 60 68 68 0 0 77 85 59 0 0 54 57 58 0 0 51 0 0 0 68 83 74 76 73 83 87 83 79 78 82 87 87 83 81 85 86 93 93 92 93 95 90 79 81 0 67 69 63 0 63 75 92 93 83 62 52 0 0 0 0 62 71 70 84
-9 -9 -9 -9 -9 -9 -9 -9 -9 -9 -9 -9 -9 -9 -9 -9 -9 70 74 72 73 82 79 74 0 0 51 56 0 0 0 57 66 55 0 0 57 83 0 0 0 0 54 56 55 0 72 81 0 0 0 68 84 75 64 62 74 71 64 58 76 84 83 92 89 91 86 87 88 93 91 93 93 92 86 80 62 75 80 58 61 75 89 93 82 72 59 0 0 0 0 0 58 70 72 85
-9 -9 -9 -9 -9 -9 -9 -9 -9 -9 -9 -9 -9 -9 -9 -9 -9 68 76 72 83 76 74 54 0 0 0 0 0 55 62 69 72 66 0 0 63 0 0 0 53 54 56 64 60 77 69 0 0 54 84 84 85 85 85 75 76 80 71 71 83 74 90 91 88 91 86 92 85 84 83 92 93 94 92 84 76 62 66 74 82 88 91 75 55 60 0 0 0 0 55 70 51 72 82 84
-9 -9 -9 -9 -9 -9 -9 -9 -9 -9 -9 -9 -9 -9 -9 -9 70 76 66 77 57 74 71 0 0 0 0 59 62 69 89 88 66 0 0 0 0 0 0 0 53 56 55 77 82 63 0 0 0 83 89 86 82 88 90 86 87 92 89 91 87 83 88 90 90 91 91 91 88 87 74 88 93 91 93 92 84 65 58 71 91 93 90 0 56 0 0 0 0 0 0 77 62 64 0 0
-9 -9 -9 -9 -9 -9 -9 -9 -9 -9 -9 -9 -9 -9 -9 -9 0 53 77 79 76 0 0 0 54 71 59 66 82 89 78 62 0 0 74 59 0 0 0 55 54 0 71 75 0 0 0 0 80 91 88 82 78 88 90 70 83 90 93 92 93 92 83 80 82 90 91 93 87 87 82 92 83 79 71 89 84 78 73 89 83 0 80 0 0 0 0 0 0 0 54 61 73 80 52 0
-9 -9 -9 -9 -9 -9 -9 -9 -9 -9 -9 -9 -9 -9 -9 -9 -9 58 85 75 72 60 58 67 0 0 0 86 80 68 57 0 61 68 60 0 0 0 0 0 0 73 74 0 0 0 71 89 92 80 77 76 80 86 86 80 89 89 90 90 83 84 76 73 78 92 92 91 92 91 93 88 82 91 73 76 75 72 90 89 0 0 87 0 0 0 0 0 0 56 72 0 81 69 0 0
-9 -9 -9 -9 -9 -9 -9 -9 -9 -9 -9 -9 -9 -9 -9 -9 -9 0 0 0 57 63 58 0 0 0 0 0 0 0 0 0 0 52 0 0 0 0 0 0 71 64 0 0 0 71 88 88 90 87 75 61 83 86 86 87 90 89 91 91 86 81 84 85 75 78 87 93 91 75 75 74 77 77 88 73 62 62 91 0 0 0 83 0 0 0 0 0 71 69 0 62 80 0 0 0
-9 -9 -9 -9 -9 -9 -9 -9 -9 -9 -9 -9 -9 -9 -9 -9 -9 63 71 0 61 0 0 0 63 51 0 0 0 0 60 0 0 0 0 0 0 0 0 71 66 0 0 0 86 91 91 90 88 72 0 74 84 83 87 89 90 88 91 89 86 89 75 86 86 73 88 89 67 69 72 75 86 87 91 67 68 64 80 0 0 0 60 0 0 0 0 0 58 0 0 57 0 0 0 0
-9 -9 -9 -9 -9 -9 -9 -9 -9 -9 -9 -9 -9 -9 -9 -9 72 52 0 66 76 73 0 0 53 0 0 66 77 80 56 0 0 0 0 0 0 0 57 62 0 0 0 83 92 88 91 86 71 0 70 84 75 88 89 91 89 91 86 92 91 83 82 78 77 75 85 87 82 84 78 61 61 61 87 81 0 75 65 0 0 0 69 0 0 0 0 65 0 54 0 0 0 0 0 0
-9 -9 -9 -9 -9 -9 -9 -9 -9 -9 -9 -9 -9 -9 -9 -9 72 56 0 53 51 0 54 66 60 55 64 85 80 0 0 0 0 0 0 0 74 80 68 0 0 0 51 84 90 90 89 81 75 63 78 82 85 90 84 90 91 93 91 91 88 86 86 62 80 79 82 86 72 69 71 64 79 69 63 86 93 73 71 0 0 0 0 0 0 0 0 53 0 0 0 0 0 0 0 0
-9 -9 -9 -9 -9 -9 -9 -9 -9 -9 -9 -9 -9 -9 -9 70 61 0 0 60 0 0 0 0 0 0 74 72 0 0 0 0 0 0 0 76 78 84 83 80 54 76 86 80 83 90 85 84 86 68 83 87 89 91 88 92 91 84 89 93 88 89 84 67 86 79 77 80 90 88 88 82 73 0 0 0 0 62 67 56 0 0 0 0 0 0 0 0 62 0 0 0 0 0 0 0
-9 -9 -9 -9 -9 -9 -9 -9 -9 -9 -9 -9 -9 0 0 0 0 0 67 72 0 0 0 0 0 79 75 0 0 0 0 66 60 56 81 91 89 90 87 66 55 75 85 87 88 84 83 82 82 81 89 88 91 89 91 84 90 87 88 90 55 85 89 79 83 76 77 89 87 87 82 71 61 72 66 55 0 0 0 0 0 0 0 0 0 0 0 0 56 0 0 0 0 0 0 0
-9 -9 -9 -9 -9 -9 -9 -9 -9 -9 -9 -9 0 0 69 0 58 58 64 69 63 58 0 0 62 70 0 0 0 0 64 76 85 84 89 89 87 92 61 0 65 76 87 90 87 89 87 83 79 90 92 87 88 87 90 84 75 73 88 73 0 0 90 78 86 72 79 73 76 83 60 63 0 0 0 0 0 0 0 0 0 0 0 0 57 0 0 0 0 0 0 0 0 0 0 0
-9 -9 -9 -9 -9 -9 -9 -9 -9 -9 -9 0 0 57 0 57 57 66 0 0 0 0 58 68 71 0 0 0 0 64 85 88 83 90 89 90 90 77 58 0 82 89 89 87 78 88 88 84 89 92 90 93 92 90 89 93 90 55 0 0 0 0 63 86 83 77 71 65 62 74 0 0 0 0 0 0 0 0 0 0 0 0 0 0 53 0 53 53 0 0 0 0 0 0 0 0
-9 -9 -9 -9 -9 -9 -9 -9 -9 -9 0 0 57 54 61 57 0 0 0 0 73 71 64 68 0 0 0 0 83 82 79 89 80 90 89 91 83 55 0 78 87 76 81 84 80 83 86 84 91 93 94 90 91 91 93 88 0 0 0 0 0 0 0 91 85 71 69 52 62 62 72 75 0 0 0 0 0 0 0 0 0 54 64 53 79 76 74 55 0 68 0 0 0 0 0 0
-9 -9 -9 -9 -9 -9 -9 -9 -9 0 0 55 61 0 0 0 0 0 0 0 85 0 0 57 52 0 0 0 83 74 89 87 80 90 80 85 67 0 69 87 85 84 82 80 90 86 88 78 91 92 54 0 70 0 56 84 67 64 56 0 0 0 0 63 82 79 76 66 55 65 63 78 0 0 0 0 0 0 0 0 59 0 0 0 0 0 0 0 0 0 55 0 0 0 0 0
-9 -9 -9 -9 -9 -9 -9 59 0 0 61 0 0 0 0 0 0 0 0 0 0 0 60 51 63 0 0 59 85 83 91 83 85 89 80 70 58 58 82 77 72 76 89 89 89 75 84 59 88 89 0 0 0 0 0 64 0 0 0 0 0 0 0 0 0 54 80 69 54 0 63 54 0 0 0 0 0 0 0 53 0 0 0 0 0 0 0 0 0 0 0 0 0 0 0 0
-9 -9 -9 -9 -9 -9 58 0 57 61 0 0 0 0 0 0 0 0 0 0 0 0 61 0 51 0 0 80 86 84 87 86 79 82 81 64 69 84 88 76 71 84 85 78 69 68 75 57 89 51 0 0 0 0 0 0 0 0 0 0 0 0 0 0 0 0 0 58 75 67 0 59 54 0 0 0 0 59 0 0 0 0 0 0 0 0 0 0 0 0 0 0 0 0 0 0
-9 -9 -9 -9 -9 71 54 71 75 0 0 0 0 0 0 0 55 0 0 57 0 53 0 51 0 0 0 85 82 88 87 80 86 84 69 57 86 87 86 71 77 88 79 70 76 80 67 57 85 0 0 0 0 0 58 0 0 0 0 0 73 80 86 87 90 85 82 0 53 72 67 0 0 0 0 0 0 0 0 0 0 0 0 0 0 0 0 0 0 0 0 0 0 0 0 0
-9 -9 -9 -9 -9 69 76 71 0 0 0 0 0 0 0 0 54 0 0 0 0 66 66 0 0 0 66 83 77 71 77 85 87 84 76 71 81 86 86 86 77 75 76 79 72 81 70 59 59 0 81 61 0 0 0 0 0 0 0 82 84 68 61 56 64 86 58 0 0 0 82 67 0 0 0 0 0 0 0 0 0 0 0 0 0 0 0 0 0 0 0 0 0 0 0 0
-9 -9 -9 -9 -9 74 73 0 0 0 0 0 0 0 0 0 0 0 0 0 59 65 58 0 0 0 69 83 82 76 86 86 80 81 79 84 75 81 88 87 83 84 80 78 77 76 81 52 0 81 75 0 0 0 0 0 0 56 85 68 0 0 0 0 0 81 0 0 0 0 84 0 0 0 0 0 0 0 0 0 0 0 59 0 0 0 0 0 0 0 0 0 0 0 0 0
-9 -9 -9 -9 78 63 0 0 0 0 0 0 0 0 58 0 0 0 0 53 65 59 54 0 0 0 0 88 78 83 88 84 65 85 83 82 72 87 87 89 85 83 87 93 88 75 57 0 79 63 0 0 0 0 0 0 0 60 58 0 0 0 0 67 70 0 0 0 0 71 75 0 0 0 0 0 0 0 0 0 0 0 0 0 0 0 0 0 0 0 0 0 0 0 0 0
-9 -9 -9 -9 81 0 0 0 0 0 0 0 0 0 0 0 0 0 0 65 58 62 59 0 0 0 0 79 75 83 82 67 53 79 85 86 72 87 79 79 74 88 0 0 63 73 64 75 0 0 0 0 0 0 0 0 0 63 64 0 0 0 0 0 0 0 0 0 71 66 0 0 0 0 0 0 0 0 0 0 0 0 0 0 0 0 0 0 0 0 0 0 0 0 0 0
-9 -9 -9 -9 55 0 0 0 0 0 0 0 56 0 0 0 0 0 0 66 0 59 53 0 0 0 0 65 71 88 82 56 59 65 62 72 72 84 86 78 81 67 0 0 0 63 74 69 0 0 0 0 0 0 0 0 0 0 66 0 0 0 0 0 0 0 0 57 77 60 0 0 0 0 0 0 0 0 0 0 0 0 0 0 0 0 0 0 0 0 0 0 0 0 0 0
