data/habitatmaps/RK_hsi_plus_2km_2010.asc
NCOLS 183 
NROWS 114 
XLLCORNER 479000 
YLLCORNER 73000 
CELLSIZE 2000 
NODATA_value -9 
[rows 0 to 70 of 114, columns 0 to 95 of 183]
-9 -9 -9 -9 -9 -9 -9 -9 -9 -9 -9 -9 -9 -9 -9 -9 -9 -9 -9 -9 -9 -9 -9 -9 -9 -9 -9 -9 -9 -9 -9 -9 -9 -9 -9 -9 -9 -9 -9 -9 -9 -9 -9 -9 -9 -9 -9 -9 -9 -9 -9 -9 -9 -9 -9 -9 -9 -9 -9 -9 -9 -9 -9 -9 -9 -9 -9 -9 -9 -9 -9 -9 -9 -9 -9 -9 -9 -9 -9 -9 -9 -9 -9 -9 -9 -9 -9 -9 -9 -9 -9 -9 -9 -9 -9 -9
-9 -9 -9 -9 -9 -9 -9 -9 -9 -9 -9 -9 -9 -9 -9 -9 -9 -9 -9 -9 -9 -9 -9 -9 -9 -9 -9 -9 -9 -9 -9 -9 -9 -9 -9 -9 -9 -9 -9 -9 -9 -9 -9 -9 -9 -9 -9 -9 -9 -9 -9 -9 -9 -9 -9 -9 -9 -9 -9 -9 -9 -9 -9 -9 -9 -9 -9 -9 -9 -9 -9 -9 -9 -9 -9 -9 -9 -9 -9 -9 -9 -9 -9 -9 -9 -9 -9 -9 -9 -9 -9 -9 -9 -9 -9 85
-9 -9 -9 -9 -9 -9 -9 -9 -9 -9 -9 -9 -9 -9 -9 -9 -9 -9 -9 -9 -9 -9 -9 -9 -9 -9 -9 -9 -9 -9 -9 -9 -9 -9 -9 -9 -9 -9 -9 -9 -9 -9 -9 -9 -9 -9 -9 -9 -9 -9 -9 -9 -9 -9 -9 -9 -9 -9 -9 -9 -9 -9 -9 -9 -9 -9 -9 -9 -9 -9 -9 -9 -9 -9 -9 -9 -9 -9 -9 -9 -9 -9 -9 -9 -9 -9 -9 -9 -9 -9 -9 -9 -9 -9 69 75
-9 -9 -9 -9 -9 -9 -9 -9 -9 -9 -9 -9 -9 -9 -9 -9 -9 -9 -9 -9 -9 -9 -9 -9 -9 -9 -9 -9 -9 -9 -9 -9 -9 -9 -9 -9 -9 -9 -9 -9 -9 -9 -9 -9 -9 -9 -9 -9 -9 -9 -9 -9 -9 -9 -9 -9 -9 -9 -9 -9 -9 -9 -9 -9 -9 -9 -9 -9 -9 -9 -9 -9 -9 -9 -9 -9 -9 -9 -9 -9 -9 -9 -9 -9 -9 -9 -9 -9 -9 -9 -9 -9 -9 0 79 77
-9 -9 -9 -9 -9 -9 -9 -9 -9 -9 -9 -9 -9 -9 -9 -9 -9 -9 -9 -9 -9 -9 -9 -9 -9 -9 -9 -9 -9 -9 -9 -9 -9 -9 -9 -9 -9 -9 -9 -9 -9 -9 -9 -9 -9 -9 -9 -9 -9 -9 -9 -9 -9 -9 -9 -9 -9 -9 -9 -9 -9 -9 -9 -9 -9 -9 -9 -9 -9 -9 -9 -9 -9 -9 -9 -9 -9 -9 -9 -9 -9 -9 -9 -9 -9 -9 -9 -9 -9 -9 -9 -9 -9 0 76 82
-9 -9 -9 -9 -9 -9 -9 -9 -9 -9 -9 -9 -9 -9 -9 -9 -9 -9 -9 -9 -9 -9 -9 -9 -9 -9 -9 -9 -9 -9 -9 -9 -9 -9 -9 -9 -9 -9 -9 -9 -9 -9 -9 -9 -9 -9 -9 -9 -9 -9 -9 -9 -9 -9 -9 -9 -9 -9 -9 -9 -9 -9 -9 -9 -9 -9 -9 -9 -9 -9 -9 -9 -9 -9 -9 -9 -9 -9 -9 -9 -9 -9 -9 -9 -9 -9 -9 -9 -9 -9 -9 -9 0 75 81 80
-9 -9 -9 -9 -9 -9 -9 -9 -9 -9 -9 -9 -9 -9 -9 -9 -9 -9 -9 -9 -9 -9 -9 -9 -9 -9 -9 -9 -9 -9 -9 -9 -9 -9 -9 -9 -9 -9 -9 -9 -9 -9 -9 -9 -9 -9 -9 -9 -9 -9 -9 -9 -9 -9 -9 -9 -9 -9 -9 -9 -9 -9 -9 -9 -9 -9 -9 -9 -9 -9 -9 -9 -9 -9 -9 -9 -9 -9 -9 -9 -9 -9 -9 -9 -9 -9 -9 -9 -9 -9 -9 -9 62 80 71 80
-9 -9 -9 -9 -9 -9 -9 -9 -9 -9 -9 -9 -9 -9 -9 -9 -9 -9 -9 -9 -9 -9 -9 -9 -9 -9 -9 -9 -9 -9 -9 -9 -9 -9 -9 -9 -9 -9 -9 -9 -9 -9 -9 -9 -9 -9 -9 -9 -9 -9 -9 -9 -9 -9 -9 -9 -9 -9 -9 -9 -9 -9 -9 -9 -9 -9 -9 -9 -9 -9 -9 -9 -9 -9 -9 -9 -9 -9 -9 -9 -9 -9 -9 -9 -9 -9 -9 -9 -9 52 74 73 86 90 88 86
-9 -9 -9 -9 -9 -9 -9 -9 -9 -9 -9 -9 -9 -9 -9 -9 -9 -9 -9 -9 -9 -9 -9 -9 -9 -9 -9 -9 -9 -9 -9 -9 -9 -9 -9 -9 -9 -9 -9 -9 -9 -9 -9 -9 -9 -9 -9 -9 -9 -9 -9 -9 -9 -9 -9 -9 -9 -9 -9 -9 -9 -9 -9 -9 -9 -9 -9 -9 -9 63 -9 -9 -9 -9 -9 -9 -9 -9 -9 -9 -9 -9 -9 -9 -9 -9 64 79 71 72 76 87 91 91 79 83
-9 -9 -9 -9 -9 -9 -9 -9 -9 -9 -9 -9 -9 -9 -9 -9 -9 -9 -9 -9 -9 -9 -9 -9 -9 -9 -9 -9 -9 -9 -9 -9 -9 -9 -9 -9 -9 -9 -9 -9 -9 -9 -9 -9 -9 -9 -9 -9 -9 -9 -9 -9 -9 -9 -9 -9 -9 -9 -9 -9 -9 -9 -9 -9 -9 88 73 81 84 68 69 83 85 -9 -9 69 74 64 -9 -9 -9 -9 -9 -9 66 82 74 83 79 88 84 89 86 83 85 81
-9 -9 -9 -9 -9 -9 -9 -9 -9 -9 -9 -9 -9 -9 -9 -9 -9 -9 -9 -9 -9 -9 -9 -9 -9 -9 -9 -9 -9 -9 -9 -9 -9 -9 -9 -9 -9 -9 -9 -9 -9 -9 -9 -9 -9 -9 -9 -9 -9 -9 -9 -9 -9 -9 -9 -9 -9 -9 -9 -9 -9 -9 0 0 86 77 61 66 85 81 69 68 70 83 70 80 93 72 66 57 60 -9 77 77 73 75 81 92 93 86 83 77 77 77 85 78
-9 -9 -9 -9 -9 -9 -9 -9 -9 -9 -9 -9 -9 -9 -9 -9 -9 -9 -9 -9 -9 -9 -9 -9 -9 -9 -9 -9 -9 -9 -9 -9 -9 -9 -9 -9 -9 -9 -9 -9 -9 -9 -9 -9 -9 -9 -9 -9 -9 -9 -9 -9 -9 -9 -9 -9 -9 -9 -9 -9 -9 53 0 0 0 0 55 64 79 90 85 89 82 90 90 95 94 83 65 71 72 78 77 82 86 82 92 89 91 86 78 71 74 61 75 91
-9 -9 -9 -9 -9 -9 -9 -9 -9 -9 -9 -9 -9 -9 -9 -9 -9 -9 -9 -9 -9 -9 -9 -9 -9 -9 -9 -9 -9 -9 -9 -9 -9 -9 -9 -9 -9 -9 -9 -9 -9 -9 -9 -9 -9 -9 -9 -9 -9 -9 -9 -9 -9 -9 -9 -9 -9 -9 -9 -9 51 55 55 0 0 0 0 54 92 69 92 95 95 93 100 100 95 89 81 85 81 86 65 74 76 83 91 89 82 70 73 54 60 85 92 96
-9 -9 -9 -9 -9 -9 -9 -9 -9 -9 -9 -9 -9 -9 -9 -9 -9 -9 -9 -9 -9 -9 -9 -9 -9 -9 -9 -9 -9 -9 -9 -9 -9 -9 -9 -9 -9 -9 -9 -9 -9 -9 -9 -9 -9 -9 -9 -9 -9 -9 -9 -9 -9 -9 -9 -9 -9 -9 -9 90 63 60 56 0 0 0 0 87 70 92 75 77 100 95 93 92 87 93 77 83 86 84 86 83 72 82 80 73 56 55 57 74 83 95 89 86
-9 -9 -9 -9 -9 -9 -9 -9 -9 -9 -9 -9 -9 -9 -9 -9 -9 -9 -9 -9 -9 -9 -9 -9 -9 -9 -9 -9 -9 -9 -9 -9 -9 -9 -9 -9 -9 -9 -9 -9 -9 -9 -9 64 77 77 75 76 68 82 0 72 -9 -9 -9 -9 -9 -9 90 91 75 59 55 0 0 0 0 53 53 94 87 73 93 81 68 58 64 83 71 94 87 83 87 84 80 74 65 67 77 86 78 88 73 90 92 98
-9 -9 -9 -9 -9 -9 -9 -9 -9 -9 -9 -9 -9 -9 -9 -9 -9 -9 -9 -9 -9 -9 -9 -9 -9 -9 -9 -9 -9 -9 -9 -9 -9 -9 -9 -9 -9 -9 -9 -9 75 75 68 81 74 77 80 74 68 80 70 68 83 81 73 -9 -9 92 91 92 74 67 60 53 0 0 57 54 61 97 95 74 63 64 0 0 0 58 58 83 88 83 86 88 79 52 85 93 92 82 61 88 88 78 87 92
-9 -9 -9 -9 -9 -9 -9 -9 -9 -9 -9 -9 -9 -9 -9 -9 -9 -9 -9 -9 -9 -9 -9 -9 -9 -9 -9 -9 -9 -9 -9 -9 -9 -9 -9 -9 -9 -9 -9 73 75 65 77 74 69 61 74 71 84 76 88 84 87 89 89 77 92 96 91 92 87 82 68 58 52 0 0 0 91 81 63 83 0 0 0 52 76 61 0 81 65 85 69 79 76 80 88 93 98 88 70 89 88 93 92 90
-9 -9 -9 -9 -9 -9 -9 -9 -9 -9 -9 -9 -9 -9 -9 -9 -9 -9 -9 -9 -9 -9 -9 -9 -9 -9 -9 -9 -9 -9 -9 -9 -9 -9 -9 -9 -9 -9 0 78 71 76 75 81 63 58 55 81 77 84 88 91 86 89 91 90 90 92 94 98 96 84 81 68 61 53 0 56 0 0 0 0 0 65 64 92 96 93 80 63 61 65 79 87 90 84 93 98 97 89 74 94 94 98 96 93
-9 -9 -9 -9 -9 -9 -9 -9 -9 -9 -9 -9 -9 -9 -9 -9 -9 -9 -9 -9 -9 -9 -9 -9 -9 -9 -9 -9 -9 -9 -9 -9 -9 -9 -9 -9 -9 -9 0 69 73 73 86 82 83 83 86 90 85 90 85 91 92 91 96 97 87 91 97 96 97 85 85 88 87 0 59 54 59 0 0 64 85 92 91 99 97 91 98 94 98 91 94 92 100 94 95 92 83 70 80 89 90 94 98 96
-9 -9 -9 -9 -9 -9 -9 -9 -9 -9 -9 -9 -9 -9 -9 -9 -9 -9 -9 -9 -9 -9 -9 -9 -9 -9 -9 -9 -9 -9 -9 -9 -9 -9 -9 -9 -9 -9 66 84 81 84 88 88 83 79 82 91 96 97 94 89 92 98 100 95 88 88 89 93 94 88 88 87 60 89 53 85 80 93 91 92 95 99 94 100 100 100 97 98 99 94 86 96 100 97 96 93 83 82 80 95 92 98 96 99
-9 -9 -9 -9 -9 -9 -9 -9 -9 -9 -9 -9 -9 -9 -9 -9 -9 -9 -9 -9 -9 -9 -9 -9 -9 -9 -9 -9 -9 -9 -9 -9 -9 -9 -9 -9 -9 0 70 79 90 91 96 80 83 90 80 83 79 81 80 75 96 98 96 97 97 97 87 88 87 89 94 77 51 68 0 90 77 84 90 61 75 84 96 99 100 100 99 97 94 92 99 97 93 98 97 96 67 74 64 89 93 99 99 100
-9 -9 -9 -9 -9 -9 -9 -9 -9 -9 -9 -9 -9 -9 -9 -9 -9 -9 -9 -9 -9 -9 -9 -9 -9 -9 -9 -9 -9 -9 -9 -9 -9 -9 -9 -9 -9 62 79 91 97 97 91 89 83 53 86 89 91 90 93 91 97 98 99 97 90 92 88 90 85 99 97 94 92 88 54 89 87 98 89 85 85 94 96 98 97 100 96 89 94 97 100 94 100 98 96 76 84 91 94 100 98 94 99 98
-9 -9 -9 -9 -9 -9 -9 -9 -9 -9 -9 -9 -9 -9 -9 -9 -9 -9 -9 -9 -9 -9 -9 -9 -9 -9 -9 -9 -9 -9 -9 -9 -9 -9 -9 -9 60 70 88 81 88 91 97 97 97 74 75 84 90 84 95 95 98 100 93 79 83 90 97 93 85 80 83 86 85 94 85 97 97 94 91 89 91 92 97 99 96 99 100 100 98 99 100 94 99 97 93 68 91 92 94 95 93 94 97 98
-9 -9 -9 -9 -9 -9 -9 -9 -9 -9 -9 -9 -9 -9 -9 -9 -9 -9 -9 -9 -9 -9 -9 -9 -9 -9 -9 -9 -9 -9 -9 -9 -9 -9 -9 58 88 74 85 80 94 97 96 84 93 81 64 86 98 97 97 95 94 97 95 86 94 90 74 75 80 80 87 89 85 83 85 96 100 97 93 90 93 92 94 93 94 100 100 100 100 92 97 91 99 96 95 87 97 92 94 93 96 100 96 94
-9 -9 -9 -9 -9 -9 -9 -9 -9 -9 -9 -9 -9 -9 -9 -9 -9 -9 -9 -9 -9 -9 -9 -9 -9 -9 -9 -9 -9 -9 -9 -9 -9 -9 84 0 93 93 97 77 95 98 95 88 86 85 85 95 93 94 98 100 97 96 96 99 92 84 79 88 90 84 82 83 91 92 89 93 97 99 94 100 99 97 98 100 100 100 100 87 94 77 84 78 93 90 82 84 91 92 93 84 94 98 100 96
-9 -9 -9 -9 -9 -9 -9 -9 -9 -9 -9 -9 -9 -9 -9 -9 -9 -9 -9 -9 -9 -9 -9 -9 -9 -9 -9 -9 -9 -9 -9 -9 -9 -9 65 72 97 99 97 71 94 96 94 85 88 91 95 97 98 100 100 98 89 100 93 93 86 81 86 86 87 75 82 93 93 98 99 100 100 98 100 100 100 100 100 100 100 96 93 83 88 86 80 88 86 83 80 88 91 94 99 100 91 95 100 99
-9 -9 -9 -9 -9 -9 -9 -9 -9 -9 -9 -9 -9 -9 -9 -9 -9 -9 -9 -9 -9 -9 -9 -9 -9 -9 -9 -9 -9 -9 -9 -9 -9 -9 72 84 94 95 95 97 97 100 96 93 86 97 92 92 95 91 82 94 86 78 87 80 87 89 91 90 86 84 95 97 97 96 99 87 90 94 86 83 99 92 100 95 98 99 81 80 89 89 91 92 94 94 83 95 96 97 92 100 95 72 99 100
-9 -9 -9 -9 -9 -9 -9 -9 -9 -9 -9 -9 -9 -9 -9 -9 -9 -9 -9 -9 -9 -9 -9 -9 -9 -9 -9 -9 -9 -9 -9 -9 -9 74 64 84 84 91 94 77 81 89 89 71 86 84 80 88 89 92 92 96 83 79 88 83 87 87 92 98 89 98 97 97 94 94 97 98 94 85 82 84 94 92 90 92 83 77 83 90 81 73 92 87 91 92 96 94 98 97 94 93 98 88 87 100
-9 -9 -9 -9 -9 -9 -9 -9 -9 -9 -9 -9 -9 -9 -9 -9 -9 -9 -9 -9 -9 -9 -9 -9 -9 -9 -9 -9 -9 -9 -9 -9 -9 -9 61 81 89 85 83 62 81 88 76 79 88 82 94 95 94 98 98 98 96 87 95 94 80 90 94 100 99 100 100 93 78 82 89 95 97 98 96 95 90 97 64 64 76 91 90 95 93 95 86 87 93 96 99 97 97 98 97 94 95 91 84 97
-9 -9 -9 -9 -9 -9 -9 -9 -9 -9 -9 -9 -9 -9 -9 -9 -9 -9 -9 -9 -9 -9 -9 -9 -9 -9 -9 -9 -9 -9 -9 -9 -9 -9 89 67 64 84 66 81 97 87 94 88 90 89 89 93 99 88 98 98 97 98 98 98 100 98 97 98 99 100 98 83 82 71 76 72 78 93 97 95 99 88 82 77 95 94 91 97 97 95 93 96 96 98 100 100 93 93 100 99 100 96 91 89
-9 -9 -9 -9 -9 -9 -9 -9 -9 -9 -9 -9 -9 -9 -9 -9 -9 -9 -9 -9 -9 -9 -9 -9 -9 -9 -9 -9 -9 -9 -9 -9 -9 -9 84 86 76 95 98 97 97 93 82 75 88 91 98 98 87 95 79 69 72 75 72 70 69 69 74 83 82 85 93 75 87 83 93 91 98 98 95 88 78 81 84 92 92 83 80 95 99 99 96 97 99 100 100 100 99 76 97 100 100 96 96 85
-9 -9 -9 -9 -9 -9 -9 -9 -9 -9 -9 -9 -9 -9 -9 -9 -9 -9 -9 -9 -9 -9 -9 -9 -9 -9 -9 -9 -9 -9 -9 -9 -9 -9 -9 78 93 94 94 96 89 77 73 84 84 92 85 86 81 88 86 81 90 86 68 65 70 86 89 81 96 97 81 90 72 73 97 87 79 76 77 89 93 95 80 82 86 89 88 94 95 95 100 97 100 100 99 100 95 79 92 100 100 100 97 89
-9 -9 -9 -9 -9 -9 -9 -9 -9 -9 -9 -9 -9 -9 -9 -9 -9 -9 -9 -9 -9 -9 -9 -9 -9 -9 -9 -9 -9 -9 -9 -9 -9 -9 -9 93 93 91 95 95 93 76 79 87 91 82 87 88 87 87 67 78 91 88 75 75 89 96 98 99 98 90 95 96 81 63 65 77 83 94 91 94 97 90 80 84 92 74 92 95 97 100 99 99 100 100 100 92 99 85 92 100 98 100 94 94
-9 -9 -9 -9 -9 -9 -9 -9 -9 -9 -9 -9 -9 -9 -9 -9 -9 -9 -9 -9 -9 -9 -9 -9 -9 -9 -9 -9 -9 -9 -9 -9 -9 -9 96 97 96 87 94 96 87 91 90 88 88 81 82 77 81 81 67 75 69 58 70 80 77 79 80 64 76 67 63 62 55 95 88 94 92 89 96 84 79 82 94 91 72 97 96 95 97 98 98 94 100 100 100 100 95 98 82 100 99 100 99 97
-9 -9 -9 -9 -9 -9 -9 -9 -9 -9 -9 -9 -9 -9 -9 -9 -9 -9 -9 -9 -9 -9 -9 -9 -9 -9 -9 -9 -9 -9 -9 -9 -9 83 88 92 94 95 94 87 77 73 74 86 80 76 77 74 63 67 69 81 92 97 99 99 98 88 81 62 0 0 65 89 65 90 77 78 90 92 77 93 89 96 98 94 97 100 100 100 94 99 94 97 92 99 100 96 100 100 94 100 100 97 100 98
-9 -9 -9 -9 -9 -9 -9 -9 -9 -9 -9 -9 -9 -9 -9 -9 -9 -9 -9 -9 -9 -9 -9 -9 -9 -9 -9 -9 -9 -9 -9 -9 -9 88 90 92 95 89 96 79 72 86 76 82 78 84 82 78 74 70 72 99 92 86 0 0 0 52 0 73 88 86 84 85 82 88 86 87 87 82 75 87 86 92 78 97 100 100 100 100 99 99 100 100 91 100 100 100 100 98 99 80 100 99 100 95
-9 -9 -9 -9 -9 -9 -9 -9 -9 -9 -9 -9 -9 -9 -9 -9 -9 -9 -9 -9 -9 -9 -9 -9 -9 -9 -9 -9 -9 -9 -9 87 87 86 87 83 89 94 82 75 80 85 85 87 81 75 0 65 73 85 91 75 71 79 81 77 79 56 82 90 81 70 59 70 69 77 72 86 89 91 88 88 90 82 87 98 96 99 100 99 98 100 100 98 97 97 100 99 97 100 97 85 96 100 100 88
-9 -9 -9 -9 -9 -9 -9 -9 -9 -9 -9 -9 -9 -9 -9 -9 -9 -9 -9 -9 -9 -9 -9 -9 -9 -9 -9 -9 -9 -9 89 91 89 90 86 77 95 88 61 91 86 91 86 86 68 0 77 93 96 95 94 86 77 76 82 86 85 86 77 59 0 66 83 86 83 76 83 92 93 91 90 93 92 89 84 96 95 97 94 95 90 97 99 99 95 93 94 98 96 100 99 94 92 98 100 97
-9 -9 -9 -9 -9 -9 -9 -9 -9 -9 -9 -9 -9 -9 -9 -9 -9 -9 -9 -9 -9 -9 -9 -9 -9 -9 -9 -9 -9 92 92 84 70 83 95 90 79 78 62 83 81 86 79 59 60 86 87 72 71 70 0 0 59 75 80 64 81 71 59 70 90 90 92 84 80 86 89 94 94 92 92 91 95 96 97 98 91 97 96 94 92 78 72 97 99 98 86 93 97 97 97 98 93 92 98 96
-9 -9 -9 -9 -9 -9 -9 -9 -9 -9 -9 -9 -9 -9 -9 -9 -9 -9 -9 -9 -9 -9 -9 -9 -9 -9 -9 -9 96 90 82 67 68 91 86 81 68 84 82 80 87 77 88 82 82 73 0 0 0 0 59 78 86 76 69 71 56 69 70 89 92 97 92 85 86 82 91 95 96 95 96 99 99 90 98 96 97 99 94 96 90 89 87 97 98 96 85 87 87 98 97 97 96 91 95 96
-9 -9 -9 -9 -9 -9 -9 -9 -9 -9 -9 -9 -9 -9 -9 -9 -9 -9 -9 -9 -9 -9 -9 -9 -9 -9 -9 96 85 88 61 69 79 82 68 73 89 82 84 86 81 92 82 87 72 0 0 0 0 0 53 52 70 62 70 65 72 90 90 91 96 97 94 85 89 90 90 91 96 93 98 97 98 98 94 97 98 95 94 96 95 93 96 89 87 91 84 80 85 95 96 98 95 91 90 97
-9 -9 -9 -9 -9 -9 -9 -9 -9 -9 -9 -9 -9 -9 -9 -9 -9 -9 -9 -9 -9 -9 -9 -9 -9 -9 -9 82 83 73 74 71 76 62 66 79 61 79 82 82 86 77 72 0 0 0 70 75 78 69 74 0 57 82 83 65 73 83 89 95 95 89 89 91 90 91 86 92 94 96 98 98 96 99 96 92 93 96 93 97 94 97 94 88 86 91 91 91 93 93 99 96 92 91 92 89
-9 -9 -9 -9 -9 -9 -9 -9 -9 -9 -9 -9 -9 -9 -9 -9 -9 -9 -9 -9 -9 -9 -9 -9 -9 -9 71 74 72 74 81 79 69 65 78 0 65 81 84 80 61 68 71 63 78 77 77 79 77 65 0 59 84 84 76 80 92 92 93 92 91 92 95 90 91 86 81 80 84 95 96 98 98 94 95 90 94 99 96 96 96 98 96 92 91 92 92 92 97 94 98 97 88 87 91 88
-9 -9 -9 -9 -9 -9 -9 -9 -9 -9 -9 -9 -9 -9 -9 -9 -9 -9 -9 -9 -9 -9 -9 -9 60 65 78 77 73 88 82 79 60 82 54 71 84 90 72 0 0 69 62 76 55 64 78 57 0 0 61 61 86 76 78 85 94 96 84 87 96 95 93 93 90 87 91 85 96 98 97 96 95 97 97 92 95 97 98 98 100 99 97 97 92 91 95 97 96 88 88 95 81 89 93 92
-9 -9 -9 -9 -9 -9 -9 -9 -9 -9 -9 -9 -9 -9 -9 -9 -9 -9 -9 -9 -9 87 83 67 77 75 77 68 87 90 83 83 87 85 85 87 59 80 0 71 86 86 98 75 62 90 0 0 53 54 59 65 62 63 76 92 93 96 92 96 95 97 92 88 88 91 94 96 97 97 97 95 96 94 90 89 81 85 95 97 98 95 93 93 96 93 96 94 95 88 84 91 91 79 85 93
-9 -9 -9 -9 -9 -9 -9 -9 -9 -9 -9 -9 -9 -9 -9 -9 -9 -9 -9 -9 82 68 63 75 80 81 71 75 90 96 84 71 78 80 90 54 68 53 67 85 84 99 72 71 69 0 70 0 64 72 69 70 62 69 89 93 97 98 92 96 95 89 81 82 92 95 97 96 99 98 98 97 97 97 94 71 67 58 82 85 87 86 84 91 97 93 93 93 89 92 86 88 92 88 76 84
-9 -9 -9 -9 -9 -9 -9 -9 -9 -9 -9 -9 -9 -9 -9 -9 -9 -9 -9 71 75 75 68 73 78 75 68 84 93 83 63 65 54 83 0 68 58 0 77 88 85 79 71 56 0 58 79 71 91 78 64 63 69 88 93 99 97 96 92 96 91 75 77 92 98 97 96 98 96 97 98 96 99 98 82 57 58 62 75 63 0 67 82 95 97 88 95 98 93 79 60 69 96 85 82 71
-9 -9 -9 -9 -9 -9 -9 -9 -9 -9 -9 -9 -9 -9 -9 -9 -9 -9 81 82 78 71 78 81 91 82 74 75 54 57 61 75 0 0 77 53 0 61 85 75 72 68 0 0 0 0 0 62 76 58 0 52 88 90 91 84 92 94 93 93 91 83 80 89 94 96 97 98 97 97 96 97 100 94 84 58 66 0 0 0 0 53 67 92 98 86 82 86 69 58 0 0 63 81 71 79
-9 -9 -9 -9 -9 -9 -9 -9 -9 -9 -9 -9 -9 -9 -9 -9 -9 81 78 78 74 74 86 76 85 85 68 0 58 58 66 0 65 73 73 0 53 82 90 64 0 0 58 62 63 55 0 56 56 0 0 73 88 79 81 78 88 92 88 84 83 87 92 93 89 87 92 92 98 98 97 98 100 95 85 87 0 72 75 68 0 68 80 97 98 88 67 57 0 0 0 0 68 77 75 89
-9 -9 -9 -9 -9 -9 -9 -9 -9 -9 -9 -9 -9 -9 -9 -9 -9 75 79 77 78 87 84 79 0 0 56 60 53 0 0 64 73 60 0 0 62 88 0 0 0 55 59 61 60 0 77 86 0 0 0 73 88 80 68 67 79 76 69 63 81 89 88 97 94 97 92 92 93 98 97 98 98 97 91 85 67 80 85 63 67 80 94 98 87 77 63 0 0 0 0 0 63 75 77 90
-9 -9 -9 -9 -9 -9 -9 -9 -9 -9 -9 -9 -9 -9 -9 -9 -9 73 80 77 88 81 79 59 0 0 0 0 53 61 68 75 78 70 0 0 68 0 0 0 58 59 61 69 65 82 74 0 0 60 89 89 90 90 90 80 82 85 76 76 88 79 95 96 93 96 92 97 91 90 89 97 98 99 98 89 81 67 71 79 87 93 96 80 60 65 0 0 0 0 62 76 56 76 87 88
-9 -9 -9 -9 -9 -9 -9 -9 -9 -9 -9 -9 -9 -9 -9 -9 75 81 71 81 60 79 76 0 0 54 56 64 68 74 95 93 71 0 0 54 54 0 0 0 58 61 60 83 87 68 0 0 0 89 94 91 87 93 94 90 93 97 94 96 92 88 93 95 95 96 96 96 94 93 80 94 98 95 98 96 90 72 65 76 96 98 95 0 61 0 0 0 0 0 0 81 67 68 0 0
-9 -9 -9 -9 -9 -9 -9 -9 -9 -9 -9 -9 -9 -9 -9 -9 54 58 82 84 81 0 0 56 58 76 64 71 87 94 83 67 0 0 79 64 0 0 0 60 59 55 76 80 0 0 0 0 86 96 93 87 82 93 95 72 88 95 99 97 98 97 89 85 87 95 96 99 93 93 88 97 88 84 76 94 90 86 79 94 88 0 85 53 0 0 0 0 0 0 59 65 78 85 58 0
-9 -9 -9 -9 -9 -9 -9 -9 -9 -9 -9 -9 -9 -9 -9 -9 -9 63 90 80 77 65 63 71 0 0 0 91 85 74 62 0 67 73 65 0 0 0 55 54 0 79 80 0 0 0 77 95 98 86 83 81 84 91 91 85 94 94 95 96 88 89 82 78 83 97 98 97 97 97 98 94 87 96 78 81 80 77 95 94 0 0 92 0 0 0 0 0 0 61 77 0 86 74 0 0
-9 -9 -9 -9 -9 -9 -9 -9 -9 -9 -9 -9 -9 -9 -9 -9 -9 0 0 55 62 68 63 0 52 53 0 0 0 0 0 0 0 57 0 0 0 53 0 0 77 69 0 0 0 77 94 94 95 93 81 66 89 91 91 92 95 94 96 96 92 87 89 90 80 84 92 98 96 80 81 80 82 82 93 78 67 67 95 0 0 0 88 0 0 0 0 52 76 74 0 67 85 0 0 0
-9 -9 -9 -9 -9 -9 -9 -9 -9 -9 -9 -9 -9 -9 -9 -9 -9 68 76 0 66 0 52 0 69 56 0 0 0 56 67 0 52 0 0 0 51 0 0 77 71 0 0 55 92 97 97 95 94 78 52 80 90 89 93 94 95 94 97 95 92 95 81 92 91 79 93 94 72 75 77 80 91 92 96 72 73 69 85 0 51 0 65 0 0 0 0 0 63 0 0 62 0 0 0 55
-9 -9 -9 -9 -9 -9 -9 -9 -9 -9 -9 -9 -9 -9 -9 -9 77 57 0 71 81 78 0 0 57 0 0 71 83 86 61 51 0 0 0 51 0 0 63 68 0 0 0 89 97 94 96 91 77 55 76 89 80 93 94 96 94 96 92 97 97 89 88 83 82 81 91 92 87 89 83 67 66 66 92 86 55 80 69 0 0 0 74 0 0 0 0 71 53 59 0 0 0 0 0 0
-9 -9 -9 -9 -9 -9 -9 -9 -9 -9 -9 -9 -9 -9 -9 -9 77 61 53 58 56 54 59 71 65 60 69 90 85 0 0 0 0 0 0 0 79 85 73 0 51 0 57 90 96 96 94 86 81 69 84 87 90 95 89 95 96 98 97 96 94 92 91 68 85 85 87 91 79 76 78 70 84 74 68 91 98 79 76 0 0 0 0 54 0 0 0 59 53 0 0 0 0 0 0 0
-9 -9 -9 -9 -9 -9 -9 -9 -9 -9 -9 -9 -9 -9 -9 75 66 0 0 65 0 0 0 0 0 0 79 77 53 0 0 0 0 0 0 82 83 90 89 85 59 81 91 85 89 95 91 89 91 74 88 93 94 96 93 97 96 89 94 98 94 94 90 73 92 84 82 86 95 94 93 87 77 0 0 0 54 67 71 61 0 0 0 0 0 0 0 0 66 0 0 0 0 0 0 0
-9 -9 -9 -9 -9 -9 -9 -9 -9 -9 -9 -9 -9 0 0 0 53 0 72 77 0 0 0 0 51 84 80 56 0 0 0 71 65 61 86 96 95 95 93 72 60 80 90 93 93 89 90 87 87 86 94 94 96 93 96 89 94 92 93 95 60 90 95 84 89 81 82 95 93 92 88 76 65 77 71 59 0 0 0 0 0 0 0 0 0 0 0 0 61 0 0 0 0 0 0 0
-9 -9 -9 -9 -9 -9 -9 -9 -9 -9 -9 -9 0 0 74 0 63 63 69 74 68 63 0 0 67 75 53 0 0 0 69 81 90 89 95 94 92 97 67 54 70 82 93 95 92 94 92 88 84 96 97 92 94 93 95 90 80 78 93 79 0 0 95 84 92 78 84 79 81 88 66 68 0 0 0 0 0 0 0 0 0 0 0 53 62 0 0 0 0 0 0 0 0 0 0 0
-9 -9 -9 -9 -9 -9 -9 -9 -9 -9 -9 0 0 62 55 62 62 71 55 0 0 0 64 73 76 0 0 0 0 69 89 93 88 95 94 96 95 83 64 52 88 94 94 92 84 93 93 89 95 97 95 98 97 96 95 98 95 61 0 0 0 0 68 92 89 82 77 70 67 79 0 0 0 0 0 0 0 0 0 0 0 0 0 0 58 0 60 57 56 0 0 0 0 0 0 0
-9 -9 -9 -9 -9 -9 -9 -9 -9 -9 0 0 62 59 66 62 54 0 0 0 78 76 69 73 0 0 0 0 87 87 84 94 86 95 95 96 88 60 0 83 92 81 86 89 86 88 91 89 96 98 99 96 96 96 98 93 0 0 0 0 0 0 0 96 90 74 74 57 67 67 77 80 0 0 0 0 0 0 0 0 0 59 70 59 84 81 79 60 0 73 0 0 0 0 0 0
-9 -9 -9 -9 -9 -9 -9 -9 -9 0 0 60 66 0 0 0 0 0 0 52 90 0 0 63 57 0 0 0 88 78 94 92 85 96 84 90 72 54 74 92 90 89 88 85 95 92 93 83 96 97 59 0 74 0 63 89 71 70 60 0 0 0 0 68 87 84 81 71 61 70 68 84 0 0 0 0 0 0 0 0 64 56 0 0 0 0 0 0 0 0 60 51 0 0 0 0
-9 -9 -9 -9 -9 -9 -9 64 0 0 66 0 0 0 0 0 0 0 0 0 51 0 66 57 68 0 0 64 90 87 96 88 90 94 85 76 64 63 87 82 78 81 94 94 94 81 90 65 93 94 0 0 0 0 0 69 0 0 0 0 0 0 0 0 0 59 86 74 60 56 68 59 0 0 0 0 0 0 53 58 0 0 0 0 0 0 0 0 0 0 0 0 0 0 0 0
-9 -9 -9 -9 -9 -9 63 0 62 66 53 0 0 0 0 0 0 0 0 54 56 0 66 0 57 0 0 85 91 89 92 91 84 87 86 69 74 89 93 81 76 89 90 83 75 73 81 62 94 56 0 0 0 0 0 0 0 0 0 0 0 0 0 0 0 0 0 62 80 72 0 64 59 54 0 0 0 64 0 0 0 0 0 0 0 0 0 0 0 0 0 0 0 0 0 0
-9 -9 -9 -9 -9 76 59 76 80 0 0 0 0 0 0 55 60 53 0 62 0 58 0 57 0 0 54 90 87 93 92 85 91 89 74 62 91 92 91 76 82 93 84 75 80 85 72 62 90 0 0 0 0 0 63 0 0 0 0 0 79 85 91 92 95 90 87 52 57 76 72 53 0 0 0 0 0 0 0 0 0 0 0 0 0 0 0 0 0 0 0 0 0 0 0 0
-9 -9 -9 -9 -9 74 81 76 0 0 0 0 0 0 0 52 59 0 0 0 0 72 71 55 0 0 72 89 83 76 82 90 92 89 81 76 86 91 91 91 82 80 81 84 76 86 75 64 62 0 86 66 0 0 0 0 0 0 0 87 89 73 65 62 69 91 63 0 0 0 87 72 0 0 0 0 0 0 0 0 0 0 0 0 0 0 0 0 0 0 0 0 0 0 0 0
-9 -9 -9 -9 -9 79 78 0 0 0 0 0 0 0 0 0 0 0 0 0 65 70 63 0 55 0 74 88 87 81 91 91 86 86 84 89 80 86 93 92 89 90 85 83 82 81 86 57 51 86 80 0 0 0 0 0 0 61 91 74 0 0 0 0 0 86 0 0 0 0 89 54 0 0 0 0 0 0 0 0 0 0 64 0 0 0 0 0 0 0 0 0 0 0 0 0
-9 -9 -9 -9 83 67 0 0 0 0 0 0 0 54 63 0 0 0 0 58 71 64 60 0 53 0 53 93 83 88 93 89 70 90 88 87 77 92 92 95 90 88 92 98 93 80 62 51 84 68 55 0 0 0 0 0 0 65 65 0 0 0 0 72 75 0 0 0 0 76 81 0 0 0 0 0 0 0 0 0 0 0 0 0 0 0 0 0 0 0 0 0 0 0 0 0
-9 -9 -9 -9 86 0 0 0 0 0 0 0 0 51 0 0 0 0 0 70 63 67 64 52 0 0 52 84 80 89 87 73 59 85 90 91 77 92 84 84 80 93 55 0 68 78 69 80 0 0 0 0 0 0 0 0 0 68 70 0 0 0 0 0 0 0 0 0 76 70 0 53 0 0 0 0 0 0 0 0 0 0 0 0 0 0 0 0 0 0 0 0 0 0 0 0
