data/habitatmaps/RK_hsi_mnus_2km_2006.asc
NCOLS 183 
NROWS 114 
XLLCORNER 479000 
YLLCORNER 73000 
CELLSIZE 2000 
NODATA_value -9 
[rows 0 to 71 of 114, columns 0 to 95 of 183]
-9 -9 -9 -9 -9 -9 -9 -9 -9 -9 -9 -9 -9 -9 -9 -9 -9 -9 -9 -9 -9 -9 -9 -9 -9 -9 -9 -9 -9 -9 -9 -9 -9 -9 -9 -9 -9 -9 -9 -9 -9 -9 -9 -9 -9 -9 -9 -9 -9 -9 -9 -9 -9 -9 -9 -9 -9 -9 -9 -9 -9 -9 -9 -9 -9 -9 -9 -9 -9 -9 -9 -9 -9 -9 -9 -9 -9 -9 -9 -9 -9 -9 -9 -9 -9 -9 -9 -9 -9 -9 -9 -9 -9 -9 -9 -9
-9 -9 -9 -9 -9 -9 -9 -9 -9 -9 -9 -9 -9 -9 -9 -9 -9 -9 -9 -9 -9 -9 -9 -9 -9 -9 -9 -9 -9 -9 -9 -9 -9 -9 -9 -9 -9 -9 -9 -9 -9 -9 -9 -9 -9 -9 -9 -9 -9 -9 -9 -9 -9 -9 -9 -9 -9 -9 -9 -9 -9 -9 -9 -9 -9 -9 -9 -9 -9 -9 -9 -9 -9 -9 -9 -9 -9 -9 -9 -9 -9 -9 -9 -9 -9 -9 -9 -9 -9 -9 -9 -9 -9 -9 -9 75
-9 -9 -9 -9 -9 -9 -9 -9 -9 -9 -9 -9 -9 -9 -9 -9 -9 -9 -9 -9 -9 -9 -9 -9 -9 -9 -9 -9 -9 -9 -9 -9 -9 -9 -9 -9 -9 -9 -9 -9 -9 -9 -9 -9 -9 -9 -9 -9 -9 -9 -9 -9 -9 -9 -9 -9 -9 -9 -9 -9 -9 -9 -9 -9 -9 -9 -9 -9 -9 -9 -9 -9 -9 -9 -9 -9 -9 -9 -9 -9 -9 -9 -9 -9 -9 -9 -9 -9 -9 -9 -9 -9 -9 -9 60 63
-9 -9 -9 -9 -9 -9 -9 -9 -9 -9 -9 -9 -9 -9 -9 -9 -9 -9 -9 -9 -9 -9 -9 -9 -9 -9 -9 -9 -9 -9 -9 -9 -9 -9 -9 -9 -9 -9 -9 -9 -9 -9 -9 -9 -9 -9 -9 -9 -9 -9 -9 -9 -9 -9 -9 -9 -9 -9 -9 -9 -9 -9 -9 -9 -9 -9 -9 -9 -9 -9 -9 -9 -9 -9 -9 -9 -9 -9 -9 -9 -9 -9 -9 -9 -9 -9 -9 -9 -9 -9 -9 -9 -9 0 70 67
-9 -9 -9 -9 -9 -9 -9 -9 -9 -9 -9 -9 -9 -9 -9 -9 -9 -9 -9 -9 -9 -9 -9 -9 -9 -9 -9 -9 -9 -9 -9 -9 -9 -9 -9 -9 -9 -9 -9 -9 -9 -9 -9 -9 -9 -9 -9 -9 -9 -9 -9 -9 -9 -9 -9 -9 -9 -9 -9 -9 -9 -9 -9 -9 -9 -9 -9 -9 -9 -9 -9 -9 -9 -9 -9 -9 -9 -9 -9 -9 -9 -9 -9 -9 -9 -9 -9 -9 -9 -9 -9 -9 -9 0 66 73
-9 -9 -9 -9 -9 -9 -9 -9 -9 -9 -9 -9 -9 -9 -9 -9 -9 -9 -9 -9 -9 -9 -9 -9 -9 -9 -9 -9 -9 -9 -9 -9 -9 -9 -9 -9 -9 -9 -9 -9 -9 -9 -9 -9 -9 -9 -9 -9 -9 -9 -9 -9 -9 -9 -9 -9 -9 -9 -9 -9 -9 -9 -9 -9 -9 -9 -9 -9 -9 -9 -9 -9 -9 -9 -9 -9 -9 -9 -9 -9 -9 -9 -9 -9 -9 -9 -9 -9 -9 -9 -9 -9 0 65 71 73
-9 -9 -9 -9 -9 -9 -9 -9 -9 -9 -9 -9 -9 -9 -9 -9 -9 -9 -9 -9 -9 -9 -9 -9 -9 -9 -9 -9 -9 -9 -9 -9 -9 -9 -9 -9 -9 -9 -9 -9 -9 -9 -9 -9 -9 -9 -9 -9 -9 -9 -9 -9 -9 -9 -9 -9 -9 -9 -9 -9 -9 -9 -9 -9 -9 -9 -9 -9 -9 -9 -9 -9 -9 -9 -9 -9 -9 -9 -9 -9 -9 -9 -9 -9 -9 -9 -9 -9 -9 -9 -9 -9 0 70 61 69
-9 -9 -9 -9 -9 -9 -9 -9 -9 -9 -9 -9 -9 -9 -9 -9 -9 -9 -9 -9 -9 -9 -9 -9 -9 -9 -9 -9 -9 -9 -9 -9 -9 -9 -9 -9 -9 -9 -9 -9 -9 -9 -9 -9 -9 -9 -9 -9 -9 -9 -9 -9 -9 -9 -9 -9 -9 -9 -9 -9 -9 -9 -9 -9 -9 -9 -9 -9 -9 -9 -9 -9 -9 -9 -9 -9 -9 -9 -9 -9 -9 -9 -9 -9 -9 -9 -9 -9 -9 0 64 62 76 80 78 76
-9 -9 -9 -9 -9 -9 -9 -9 -9 -9 -9 -9 -9 -9 -9 -9 -9 -9 -9 -9 -9 -9 -9 -9 -9 -9 -9 -9 -9 -9 -9 -9 -9 -9 -9 -9 -9 -9 -9 -9 -9 -9 -9 -9 -9 -9 -9 -9 -9 -9 -9 -9 -9 -9 -9 -9 -9 -9 -9 -9 -9 -9 -9 -9 -9 -9 -9 -9 -9 54 -9 -9 -9 -9 -9 -9 -9 -9 -9 -9 -9 -9 -9 -9 -9 -9 52 70 62 63 69 77 81 81 70 73
-9 -9 -9 -9 -9 -9 -9 -9 -9 -9 -9 -9 -9 -9 -9 -9 -9 -9 -9 -9 -9 -9 -9 -9 -9 -9 -9 -9 -9 -9 -9 -9 -9 -9 -9 -9 -9 -9 -9 -9 -9 -9 -9 -9 -9 -9 -9 -9 -9 -9 -9 -9 -9 -9 -9 -9 -9 -9 -9 -9 -9 -9 -9 -9 -9 77 64 72 74 66 60 72 75 -9 -9 60 63 53 -9 -9 -9 -9 -9 -9 57 72 62 74 69 78 74 79 76 73 74 70
-9 -9 -9 -9 -9 -9 -9 -9 -9 -9 -9 -9 -9 -9 -9 -9 -9 -9 -9 -9 -9 -9 -9 -9 -9 -9 -9 -9 -9 -9 -9 -9 -9 -9 -9 -9 -9 -9 -9 -9 -9 -9 -9 -9 -9 -9 -9 -9 -9 -9 -9 -9 -9 -9 -9 -9 -9 -9 -9 -9 -9 -9 0 0 76 66 52 56 75 82 65 64 61 73 59 70 83 61 52 0 0 -9 67 66 63 67 69 81 83 76 73 66 68 67 74 68
-9 -9 -9 -9 -9 -9 -9 -9 -9 -9 -9 -9 -9 -9 -9 -9 -9 -9 -9 -9 -9 -9 -9 -9 -9 -9 -9 -9 -9 -9 -9 -9 -9 -9 -9 -9 -9 -9 -9 -9 -9 -9 -9 -9 -9 -9 -9 -9 -9 -9 -9 -9 -9 -9 -9 -9 -9 -9 -9 -9 -9 0 0 0 0 0 0 53 69 81 76 78 69 78 79 85 84 72 53 56 58 67 67 71 76 74 82 79 81 76 67 61 65 0 65 81
-9 -9 -9 -9 -9 -9 -9 -9 -9 -9 -9 -9 -9 -9 -9 -9 -9 -9 -9 -9 -9 -9 -9 -9 -9 -9 -9 -9 -9 -9 -9 -9 -9 -9 -9 -9 -9 -9 -9 -9 -9 -9 -9 -9 -9 -9 -9 -9 -9 -9 -9 -9 -9 -9 -9 -9 -9 -9 -9 -9 0 0 0 0 0 0 0 0 82 59 82 86 85 84 90 90 85 79 73 75 71 75 55 63 67 74 80 79 72 61 65 0 51 75 83 86
-9 -9 -9 -9 -9 -9 -9 -9 -9 -9 -9 -9 -9 -9 -9 -9 -9 -9 -9 -9 -9 -9 -9 -9 -9 -9 -9 -9 -9 -9 -9 -9 -9 -9 -9 -9 -9 -9 -9 -9 -9 -9 -9 -9 -9 -9 -9 -9 -9 -9 -9 -9 -9 -9 -9 -9 -9 -9 -9 81 53 0 0 0 0 0 0 76 60 82 64 68 90 85 83 82 79 82 68 73 77 74 76 74 64 73 70 63 0 0 0 64 73 85 80 78
-9 -9 -9 -9 -9 -9 -9 -9 -9 -9 -9 -9 -9 -9 -9 -9 -9 -9 -9 -9 -9 -9 -9 -9 -9 -9 -9 -9 -9 -9 -9 -9 -9 -9 -9 -9 -9 -9 -9 -9 -9 -9 -9 54 68 67 64 66 58 72 0 62 -9 -9 -9 -9 -9 -9 80 81 65 0 0 0 0 0 0 0 0 84 76 63 83 69 53 0 53 74 66 84 78 73 77 75 71 64 53 55 68 75 69 78 63 80 82 88
-9 -9 -9 -9 -9 -9 -9 -9 -9 -9 -9 -9 -9 -9 -9 -9 -9 -9 -9 -9 -9 -9 -9 -9 -9 -9 -9 -9 -9 -9 -9 -9 -9 -9 -9 -9 -9 -9 -9 -9 65 65 57 71 64 67 70 64 58 70 60 59 73 71 63 -9 -9 82 81 82 64 57 0 0 0 0 0 0 51 87 83 62 0 53 0 0 0 0 0 75 78 74 76 78 69 0 73 82 82 72 0 78 78 68 77 82
-9 -9 -9 -9 -9 -9 -9 -9 -9 -9 -9 -9 -9 -9 -9 -9 -9 -9 -9 -9 -9 -9 -9 -9 -9 -9 -9 -9 -9 -9 -9 -9 -9 -9 -9 -9 -9 -9 -9 67 66 54 69 65 59 0 64 61 74 66 78 74 77 79 78 67 82 86 81 82 77 72 58 0 0 0 0 0 81 72 57 73 0 0 0 0 66 54 0 71 55 76 61 69 66 69 77 83 88 78 57 79 77 82 81 79
-9 -9 -9 -9 -9 -9 -9 -9 -9 -9 -9 -9 -9 -9 -9 -9 -9 -9 -9 -9 -9 -9 -9 -9 -9 -9 -9 -9 -9 -9 -9 -9 -9 -9 -9 -9 -9 -9 0 70 63 67 65 71 54 0 0 72 68 74 78 81 76 79 81 80 80 82 84 88 86 74 71 58 51 0 0 0 0 0 0 0 0 55 54 82 86 83 72 55 0 53 70 77 79 74 83 88 86 77 61 84 83 88 86 82
-9 -9 -9 -9 -9 -9 -9 -9 -9 -9 -9 -9 -9 -9 -9 -9 -9 -9 -9 -9 -9 -9 -9 -9 -9 -9 -9 -9 -9 -9 -9 -9 -9 -9 -9 -9 -9 -9 0 60 63 63 76 72 73 73 76 80 75 80 75 81 82 81 86 87 77 81 87 86 87 75 75 78 77 0 0 0 0 0 0 53 74 82 81 88 86 81 88 83 88 80 84 81 88 83 84 82 71 57 65 79 80 84 88 86
-9 -9 -9 -9 -9 -9 -9 -9 -9 -9 -9 -9 -9 -9 -9 -9 -9 -9 -9 -9 -9 -9 -9 -9 -9 -9 -9 -9 -9 -9 -9 -9 -9 -9 -9 -9 -9 -9 57 73 70 74 78 78 73 69 73 81 86 88 84 79 82 88 90 85 78 78 79 83 85 78 77 77 0 76 0 72 67 83 81 82 85 89 84 89 90 90 86 88 89 84 75 85 89 86 85 83 73 72 70 84 81 88 86 89
-9 -9 -9 -9 -9 -9 -9 -9 -9 -9 -9 -9 -9 -9 -9 -9 -9 -9 -9 -9 -9 -9 -9 -9 -9 -9 -9 -9 -9 -9 -9 -9 -9 -9 -9 -9 -9 0 59 69 80 81 86 70 73 80 70 73 70 71 70 65 86 88 86 87 86 87 77 78 78 79 84 67 0 58 0 80 66 73 79 0 65 74 86 89 90 90 87 87 85 82 88 86 82 86 87 85 57 64 54 77 82 89 89 90
-9 -9 -9 -9 -9 -9 -9 -9 -9 -9 -9 -9 -9 -9 -9 -9 -9 -9 -9 -9 -9 -9 -9 -9 -9 -9 -9 -9 -9 -9 -9 -9 -9 -9 -9 -9 -9 52 69 81 87 87 80 80 73 0 76 79 81 80 83 81 87 88 89 87 80 82 78 80 75 89 87 84 82 77 0 78 77 88 79 73 75 83 86 87 87 90 85 79 84 87 90 83 90 88 85 66 74 82 83 90 88 85 89 88
-9 -9 -9 -9 -9 -9 -9 -9 -9 -9 -9 -9 -9 -9 -9 -9 -9 -9 -9 -9 -9 -9 -9 -9 -9 -9 -9 -9 -9 -9 -9 -9 -9 -9 -9 -9 0 60 78 71 78 81 87 87 87 61 63 71 80 74 86 85 88 90 83 72 74 80 87 83 75 70 73 76 75 84 74 86 87 84 81 78 79 79 86 89 85 89 89 90 86 89 91 84 89 86 83 58 81 82 82 83 84 84 87 88
-9 -9 -9 -9 -9 -9 -9 -9 -9 -9 -9 -9 -9 -9 -9 -9 -9 -9 -9 -9 -9 -9 -9 -9 -9 -9 -9 -9 -9 -9 -9 -9 -9 -9 -9 51 81 64 75 70 84 87 86 74 81 66 0 73 88 87 87 85 84 87 85 78 85 80 66 68 70 70 77 78 74 73 72 85 90 87 83 79 82 82 84 81 83 92 92 91 89 82 87 81 89 86 85 77 87 82 83 83 86 90 86 84
-9 -9 -9 -9 -9 -9 -9 -9 -9 -9 -9 -9 -9 -9 -9 -9 -9 -9 -9 -9 -9 -9 -9 -9 -9 -9 -9 -9 -9 -9 -9 -9 -9 -9 74 0 86 83 87 67 85 88 86 77 74 71 73 84 82 83 88 90 87 86 85 89 82 74 68 79 80 74 71 72 81 81 75 81 87 88 82 90 89 87 87 92 92 92 91 75 83 66 74 67 83 79 71 74 81 82 83 74 84 88 90 86
-9 -9 -9 -9 -9 -9 -9 -9 -9 -9 -9 -9 -9 -9 -9 -9 -9 -9 -9 -9 -9 -9 -9 -9 -9 -9 -9 -9 -9 -9 -9 -9 -9 -9 55 64 88 89 87 61 84 86 84 75 74 78 84 86 88 91 90 88 79 90 83 82 76 71 76 76 76 65 71 83 83 88 89 90 91 88 90 91 90 92 91 90 91 85 83 73 78 76 70 75 73 70 69 76 79 82 89 90 81 84 91 89
-9 -9 -9 -9 -9 -9 -9 -9 -9 -9 -9 -9 -9 -9 -9 -9 -9 -9 -9 -9 -9 -9 -9 -9 -9 -9 -9 -9 -9 -9 -9 -9 -9 -9 62 74 84 85 85 87 86 89 86 82 74 86 80 80 82 82 73 85 75 65 75 68 76 79 81 81 75 75 85 87 87 86 88 77 78 84 77 72 88 81 90 85 88 89 71 70 79 79 81 82 82 83 73 83 85 87 81 91 86 59 88 90
-9 -9 -9 -9 -9 -9 -9 -9 -9 -9 -9 -9 -9 -9 -9 -9 -9 -9 -9 -9 -9 -9 -9 -9 -9 -9 -9 -9 -9 -9 -9 -9 -9 64 54 74 74 81 84 66 72 77 77 60 75 73 70 78 79 82 82 85 72 68 74 70 76 76 82 88 80 88 87 87 84 82 84 88 84 74 73 75 84 82 80 82 74 68 73 80 72 63 82 77 80 80 85 84 89 88 85 81 87 84 73 87
-9 -9 -9 -9 -9 -9 -9 -9 -9 -9 -9 -9 -9 -9 -9 -9 -9 -9 -9 -9 -9 -9 -9 -9 -9 -9 -9 -9 -9 -9 -9 -9 -9 -9 0 71 79 75 73 52 72 78 66 69 78 73 84 87 83 88 88 88 85 75 83 82 67 78 84 90 89 91 91 83 69 70 78 85 88 87 86 85 80 87 53 53 63 80 78 85 83 85 76 76 81 85 88 86 85 87 86 81 84 84 75 85
-9 -9 -9 -9 -9 -9 -9 -9 -9 -9 -9 -9 -9 -9 -9 -9 -9 -9 -9 -9 -9 -9 -9 -9 -9 -9 -9 -9 -9 -9 -9 -9 -9 -9 79 57 54 74 56 71 87 82 84 78 82 78 78 83 89 77 88 88 87 88 88 87 89 88 88 88 89 90 88 72 72 60 63 61 67 83 87 85 89 78 72 67 85 83 80 87 87 85 83 84 85 86 89 89 80 82 90 88 89 84 80 78
-9 -9 -9 -9 -9 -9 -9 -9 -9 -9 -9 -9 -9 -9 -9 -9 -9 -9 -9 -9 -9 -9 -9 -9 -9 -9 -9 -9 -9 -9 -9 -9 -9 -9 74 76 66 85 88 87 87 84 72 65 75 82 87 88 77 85 68 57 61 65 65 61 58 58 66 73 71 75 84 65 75 73 83 80 87 88 86 78 67 71 74 81 81 70 67 84 88 88 84 87 89 90 89 89 88 63 85 90 91 86 84 74
-9 -9 -9 -9 -9 -9 -9 -9 -9 -9 -9 -9 -9 -9 -9 -9 -9 -9 -9 -9 -9 -9 -9 -9 -9 -9 -9 -9 -9 -9 -9 -9 -9 -9 -9 68 83 84 84 86 79 68 64 72 70 79 73 77 73 78 75 68 79 76 59 55 59 75 79 70 85 87 71 79 62 63 86 76 69 67 67 79 83 85 67 70 76 79 79 81 85 83 89 87 91 91 88 90 83 67 81 90 89 90 84 75
-9 -9 -9 -9 -9 -9 -9 -9 -9 -9 -9 -9 -9 -9 -9 -9 -9 -9 -9 -9 -9 -9 -9 -9 -9 -9 -9 -9 -9 -9 -9 -9 -9 -9 -9 83 83 81 86 84 83 66 66 77 81 71 75 78 74 77 58 70 82 79 66 64 79 86 87 89 88 79 85 86 71 52 55 66 72 84 81 85 87 80 69 74 82 64 82 82 87 89 88 88 91 91 89 79 88 75 82 92 86 90 80 83
-9 -9 -9 -9 -9 -9 -9 -9 -9 -9 -9 -9 -9 -9 -9 -9 -9 -9 -9 -9 -9 -9 -9 -9 -9 -9 -9 -9 -9 -9 -9 -9 -9 -9 86 87 86 78 84 86 77 81 77 77 75 68 69 63 67 70 58 62 56 0 60 70 67 69 67 54 66 58 53 52 0 84 76 83 81 79 85 78 69 72 84 81 62 87 86 85 85 88 86 81 91 90 89 90 83 87 71 92 89 87 87 86
-9 -9 -9 -9 -9 -9 -9 -9 -9 -9 -9 -9 -9 -9 -9 -9 -9 -9 -9 -9 -9 -9 -9 -9 -9 -9 -9 -9 -9 -9 -9 -9 -9 73 79 82 84 85 84 77 67 63 63 73 69 59 67 61 0 0 59 71 82 87 89 89 88 78 70 52 0 0 54 78 55 80 65 66 80 81 66 83 79 86 88 84 86 91 91 88 82 88 82 84 79 86 87 82 89 88 84 90 91 85 88 87
-9 -9 -9 -9 -9 -9 -9 -9 -9 -9 -9 -9 -9 -9 -9 -9 -9 -9 -9 -9 -9 -9 -9 -9 -9 -9 -9 -9 -9 -9 -9 -9 -9 78 81 82 85 79 86 69 62 74 66 69 68 77 71 67 62 55 59 89 81 74 0 0 0 0 0 63 77 76 74 75 72 78 73 75 76 72 63 75 75 82 66 84 90 89 89 88 87 88 90 90 78 90 89 89 89 84 88 70 90 89 89 83
-9 -9 -9 -9 -9 -9 -9 -9 -9 -9 -9 -9 -9 -9 -9 -9 -9 -9 -9 -9 -9 -9 -9 -9 -9 -9 -9 -9 -9 -9 -9 77 77 76 77 73 77 84 73 65 72 74 76 73 73 69 0 55 62 75 80 68 61 67 65 63 68 0 72 76 66 57 0 60 60 67 62 76 79 81 77 76 78 73 74 86 84 87 91 88 86 91 89 87 86 85 88 87 85 89 85 75 86 90 89 77
-9 -9 -9 -9 -9 -9 -9 -9 -9 -9 -9 -9 -9 -9 -9 -9 -9 -9 -9 -9 -9 -9 -9 -9 -9 -9 -9 -9 -9 -9 79 81 79 80 76 67 85 78 51 81 76 81 74 75 60 0 67 83 85 84 84 76 66 64 68 73 75 76 67 0 0 53 73 76 73 66 71 82 83 81 77 80 82 78 71 85 83 86 84 84 78 86 88 89 83 81 81 87 85 90 86 83 82 88 91 87
-9 -9 -9 -9 -9 -9 -9 -9 -9 -9 -9 -9 -9 -9 -9 -9 -9 -9 -9 -9 -9 -9 -9 -9 -9 -9 -9 -9 -9 82 82 74 60 72 86 80 69 68 0 71 67 76 69 0 0 76 77 63 60 59 0 0 0 64 70 52 71 60 0 57 79 78 81 74 70 76 78 84 84 82 82 78 83 84 85 86 79 87 83 82 80 63 59 85 87 87 76 83 86 85 87 87 83 82 88 86
-9 -9 -9 -9 -9 -9 -9 -9 -9 -9 -9 -9 -9 -9 -9 -9 -9 -9 -9 -9 -9 -9 -9 -9 -9 -9 -9 -9 86 80 73 56 58 81 76 72 59 73 73 72 77 66 74 69 72 59 0 0 0 0 0 63 75 66 59 58 0 61 60 77 80 85 80 74 76 72 81 85 86 83 85 87 86 79 85 84 86 88 83 84 78 77 74 86 84 84 75 77 75 86 87 87 84 80 85 86
-9 -9 -9 -9 -9 -9 -9 -9 -9 -9 -9 -9 -9 -9 -9 -9 -9 -9 -9 -9 -9 -9 -9 -9 -9 -9 -9 86 75 78 0 58 69 72 58 63 77 70 72 77 75 81 69 73 53 0 0 0 0 0 0 0 60 51 60 55 67 82 80 79 84 85 82 75 79 79 80 81 86 82 86 84 86 86 83 85 85 84 83 86 83 82 85 76 75 77 71 70 73 82 85 88 84 81 80 87
-9 -9 -9 -9 -9 -9 -9 -9 -9 -9 -9 -9 -9 -9 -9 -9 -9 -9 -9 -9 -9 -9 -9 -9 -9 -9 -9 72 74 65 64 62 67 53 56 66 0 65 71 72 75 64 62 0 0 0 60 65 68 59 64 0 0 71 71 54 62 73 79 85 85 79 79 81 80 81 76 82 82 85 85 84 83 86 83 80 82 84 83 86 82 85 82 75 73 77 79 80 80 81 88 85 82 81 82 79
-9 -9 -9 -9 -9 -9 -9 -9 -9 -9 -9 -9 -9 -9 -9 -9 -9 -9 -9 -9 -9 -9 -9 -9 -9 -9 62 64 63 63 71 68 58 55 67 0 0 69 74 72 0 52 57 53 66 66 67 67 67 55 0 0 74 74 65 68 80 81 84 83 81 82 85 80 81 75 71 70 74 83 83 84 84 81 84 77 80 87 85 84 85 86 84 80 79 81 82 79 83 82 86 85 78 77 80 77
-9 -9 -9 -9 -9 -9 -9 -9 -9 -9 -9 -9 -9 -9 -9 -9 -9 -9 -9 -9 -9 -9 -9 -9 0 56 68 67 63 78 72 69 0 72 0 59 70 79 63 0 0 54 0 66 0 54 68 0 0 0 0 51 76 68 68 72 82 85 77 79 86 85 83 83 81 76 81 75 84 85 83 83 83 83 82 77 81 85 87 87 88 88 86 87 82 80 84 85 82 77 76 85 70 79 81 81
-9 -9 -9 -9 -9 -9 -9 -9 -9 -9 -9 -9 -9 -9 -9 -9 -9 -9 -9 -9 -9 78 73 57 69 65 68 58 77 79 73 73 77 74 75 76 0 68 0 61 76 76 88 64 54 80 0 0 0 0 0 55 52 54 68 82 81 83 82 88 86 88 82 78 78 81 84 84 86 85 84 80 83 78 74 75 67 74 83 84 87 83 82 82 86 83 86 83 85 77 74 81 81 69 73 80
-9 -9 -9 -9 -9 -9 -9 -9 -9 -9 -9 -9 -9 -9 -9 -9 -9 -9 -9 -9 72 58 53 65 70 70 61 65 80 86 74 60 67 72 79 0 58 0 55 74 73 89 62 64 63 0 61 0 54 63 59 61 56 58 79 79 84 86 82 88 86 80 74 72 81 85 85 84 87 84 85 83 84 84 82 58 58 0 71 72 66 73 74 81 87 83 83 83 79 81 75 78 82 78 66 74
-9 -9 -9 -9 -9 -9 -9 -9 -9 -9 -9 -9 -9 -9 -9 -9 -9 -9 -9 61 66 65 58 63 68 65 58 74 83 73 55 57 0 74 0 60 52 0 66 76 75 69 61 0 0 0 69 61 80 68 0 53 59 77 82 87 85 84 82 87 83 69 70 82 87 85 83 86 84 85 85 84 85 85 69 0 0 0 57 0 0 57 71 85 87 78 86 88 83 69 0 0 85 75 72 61
-9 -9 -9 -9 -9 -9 -9 -9 -9 -9 -9 -9 -9 -9 -9 -9 -9 -9 72 72 68 61 68 71 81 72 64 65 0 0 54 66 0 0 66 0 0 53 75 62 62 58 0 0 0 0 0 53 64 0 0 0 79 79 80 72 80 84 83 83 81 74 70 78 81 83 84 85 86 86 85 85 87 80 71 0 54 0 0 0 0 0 57 82 88 77 73 76 59 0 0 0 0 71 61 69
-9 -9 -9 -9 -9 -9 -9 -9 -9 -9 -9 -9 -9 -9 -9 -9 -9 72 68 68 64 64 76 67 76 74 57 0 0 54 58 0 53 63 63 0 0 73 80 54 0 0 0 52 53 0 0 0 0 0 0 63 78 70 72 68 78 82 78 73 74 77 82 80 76 73 77 77 87 88 86 87 89 82 72 75 0 63 59 59 0 57 70 87 88 78 57 0 0 0 0 0 55 64 65 80
-9 -9 -9 -9 -9 -9 -9 -9 -9 -9 -9 -9 -9 -9 -9 -9 -9 65 69 67 68 77 74 70 0 0 0 54 0 0 0 0 55 0 0 0 52 78 0 0 0 0 0 0 0 0 67 76 0 0 0 64 80 71 60 58 69 66 59 53 72 79 78 86 84 85 78 80 83 88 84 88 88 86 81 75 57 69 75 52 53 69 84 88 77 68 54 0 0 0 0 0 52 65 68 80
-9 -9 -9 -9 -9 -9 -9 -9 -9 -9 -9 -9 -9 -9 -9 -9 -9 64 73 68 78 71 69 0 0 0 0 0 0 0 52 62 65 62 0 0 58 0 0 0 0 0 0 59 55 73 67 0 0 0 76 78 80 80 80 69 71 75 64 64 78 69 85 86 83 86 81 87 79 78 76 86 88 89 87 79 71 55 59 69 77 84 86 70 0 56 0 0 0 0 0 62 0 68 79 80
-9 -9 -9 -9 -9 -9 -9 -9 -9 -9 -9 -9 -9 -9 -9 -9 65 71 62 74 56 70 66 0 0 0 0 53 55 62 83 83 61 0 0 0 0 0 0 0 0 0 0 68 75 60 0 0 0 75 82 79 77 83 85 82 81 87 85 86 82 77 83 85 85 86 86 86 80 77 66 83 88 86 89 88 78 54 0 66 86 88 85 0 0 0 0 0 0 0 0 73 57 62 0 0
-9 -9 -9 -9 -9 -9 -9 -9 -9 -9 -9 -9 -9 -9 -9 -9 0 0 72 74 71 0 0 0 0 65 55 62 77 83 73 57 0 0 69 54 0 0 0 0 0 0 66 71 0 0 0 0 72 84 81 78 76 82 86 76 77 83 88 87 87 86 77 75 77 85 86 86 79 78 77 87 78 74 67 83 77 63 63 84 77 0 77 0 0 0 0 0 0 0 0 57 69 75 0 0
-9 -9 -9 -9 -9 -9 -9 -9 -9 -9 -9 -9 -9 -9 -9 -9 -9 53 80 70 67 55 54 66 0 0 0 81 75 61 53 0 56 63 55 0 0 0 0 0 0 66 68 0 0 0 63 82 86 71 70 70 78 81 81 75 84 83 84 85 76 78 69 68 72 86 86 83 86 85 87 82 77 86 68 71 70 66 84 83 0 0 82 0 0 0 0 0 0 52 67 0 76 64 0 0
-9 -9 -9 -9 -9 -9 -9 -9 -9 -9 -9 -9 -9 -9 -9 -9 -9 0 0 0 52 58 53 0 0 0 0 0 0 0 0 0 0 0 0 0 0 0 0 0 66 59 0 0 0 62 81 81 83 80 67 55 78 81 81 81 85 83 85 85 78 75 78 79 68 71 81 87 84 68 66 68 72 73 83 68 57 57 86 0 0 0 76 0 0 0 0 0 67 64 0 57 74 0 0 0
-9 -9 -9 -9 -9 -9 -9 -9 -9 -9 -9 -9 -9 -9 -9 -9 -9 58 66 0 56 0 0 0 56 0 0 0 0 0 0 0 0 0 0 0 0 0 0 64 61 0 0 0 79 85 84 82 82 65 0 68 77 77 82 84 85 83 85 81 76 83 69 79 79 67 81 83 62 62 67 70 81 82 86 62 63 59 74 0 0 0 55 0 0 0 0 0 53 0 0 52 0 0 0 0
-9 -9 -9 -9 -9 -9 -9 -9 -9 -9 -9 -9 -9 -9 -9 -9 67 0 0 62 71 68 0 0 0 0 0 61 72 74 0 0 0 0 0 0 0 0 0 53 0 0 0 75 85 81 84 80 64 0 64 77 69 83 84 86 84 85 79 85 84 75 77 71 70 69 79 82 76 79 73 56 56 55 82 77 0 70 61 0 0 0 64 0 0 0 0 58 0 0 0 0 0 0 0 0
-9 -9 -9 -9 -9 -9 -9 -9 -9 -9 -9 -9 -9 -9 -9 -9 67 51 0 0 0 0 0 61 55 0 59 80 75 0 0 0 0 0 0 0 69 75 63 0 0 0 0 75 83 84 83 75 69 57 72 75 79 84 78 85 86 87 85 84 81 78 80 55 72 73 75 80 62 58 61 56 74 64 57 81 89 68 67 0 0 0 0 0 0 0 0 0 0 0 0 0 0 0 0 0
-9 -9 -9 -9 -9 -9 -9 -9 -9 -9 -9 -9 -9 -9 -9 65 56 0 0 55 0 0 0 0 0 0 69 67 0 0 0 0 0 0 0 69 74 78 77 75 0 71 80 72 76 84 79 77 80 61 77 81 83 85 83 87 86 79 84 87 82 84 79 60 79 72 70 74 83 82 81 77 69 0 0 0 0 57 64 0 0 0 0 0 0 0 0 0 57 0 0 0 0 0 0 0
-9 -9 -9 -9 -9 -9 -9 -9 -9 -9 -9 -9 -9 0 0 0 0 0 62 67 0 0 0 0 0 74 70 0 0 0 0 62 55 0 75 85 83 84 81 60 0 69 82 81 83 78 73 76 77 75 83 82 85 85 86 79 85 82 84 84 0 79 84 73 75 69 70 84 81 80 76 66 56 67 61 0 0 0 0 0 0 0 0 0 0 0 0 0 0 0 0 0 0 0 0 0
-9 -9 -9 -9 -9 -9 -9 -9 -9 -9 -9 -9 0 0 64 0 53 53 59 64 58 53 0 0 57 64 0 0 0 0 59 71 78 77 84 84 81 86 54 0 58 69 81 84 83 83 81 78 72 84 86 80 82 81 84 79 72 68 84 65 0 0 86 72 77 63 72 68 71 77 55 58 0 0 0 0 0 0 0 0 0 0 0 0 53 0 0 0 0 0 0 0 0 0 0 0
-9 -9 -9 -9 -9 -9 -9 -9 -9 -9 -9 0 0 52 0 52 52 61 0 0 0 0 51 63 65 0 0 0 0 59 80 83 77 86 85 85 84 71 0 0 77 83 84 81 71 83 83 79 83 86 84 88 86 83 83 88 84 0 0 0 0 0 59 81 74 70 66 59 57 69 0 0 0 0 0 0 0 0 0 0 0 0 0 0 0 0 0 51 0 0 0 0 0 0 0 0
-9 -9 -9 -9 -9 -9 -9 -9 -9 -9 0 0 52 0 56 52 0 0 0 0 68 66 59 63 0 0 0 0 78 77 75 84 75 85 83 84 77 0 0 72 82 70 76 79 75 78 81 78 85 87 88 85 86 86 88 81 0 0 0 0 0 0 0 86 78 69 63 0 57 57 67 71 0 0 0 0 0 0 0 0 0 0 59 0 74 70 68 0 0 63 0 0 0 0 0 0
-9 -9 -9 -9 -9 -9 -9 -9 -9 0 0 0 56 0 0 0 0 0 0 0 80 0 0 0 0 0 0 0 78 70 84 82 73 84 76 79 59 0 62 82 79 78 76 78 85 81 82 73 85 86 0 0 67 0 0 79 65 59 55 0 0 0 0 58 76 76 69 60 0 60 58 73 0 0 0 0 0 0 0 0 54 0 0 0 0 0 0 0 0 0 0 0 0 0 0 0
-9 -9 -9 -9 -9 -9 -9 54 0 0 56 0 0 0 0 0 0 0 0 0 0 0 55 0 58 0 0 53 81 79 86 78 80 84 75 63 53 53 77 72 67 71 83 84 84 67 76 54 82 84 0 0 0 0 0 59 0 0 0 0 0 0 0 0 0 0 75 64 0 0 58 0 0 0 0 0 0 0 0 0 0 0 0 0 0 0 0 0 0 0 0 0 0 0 0 0
-9 -9 -9 -9 -9 -9 53 0 52 56 0 0 0 0 0 0 0 0 0 0 0 0 55 0 0 0 0 72 81 79 82 81 74 77 76 60 64 79 83 71 66 79 80 73 60 62 69 52 84 0 0 0 0 0 0 0 0 0 0 0 0 0 0 0 0 0 0 54 69 62 0 54 0 0 0 0 0 54 0 0 0 0 0 0 0 0 0 0 0 0 0 0 0 0 0 0
-9 -9 -9 -9 -9 66 0 66 70 0 0 0 0 0 0 0 0 0 0 52 0 0 0 0 0 0 0 79 76 83 82 75 81 79 64 52 81 82 81 66 72 83 74 63 72 77 62 53 80 0 0 0 0 0 54 0 0 0 0 0 67 75 81 81 84 80 77 0 0 67 62 0 0 0 0 0 0 0 0 0 0 0 0 0 0 0 0 0 0 0 0 0 0 0 0 0
-9 -9 -9 -9 -9 64 71 66 0 0 0 0 0 0 0 0 0 0 0 0 0 59 60 0 0 0 61 76 69 66 71 80 82 79 71 66 76 81 81 81 72 70 71 74 67 79 65 54 60 0 76 58 0 0 0 0 0 0 0 77 79 63 58 0 61 81 53 0 0 0 77 62 0 0 0 0 0 0 0 0 0 0 0 0 0 0 0 0 0 0 0 0 0 0 0 0
-9 -9 -9 -9 -9 69 68 0 0 0 0 0 0 0 0 0 0 0 0 0 53 59 52 0 0 0 65 76 75 71 81 81 74 76 74 79 70 76 83 80 76 79 76 73 73 71 76 0 0 76 72 0 0 0 0 0 0 53 80 61 0 0 0 0 0 76 0 0 0 0 79 0 0 0 0 0 0 0 0 0 0 0 53 0 0 0 0 0 0 0 0 0 0 0 0 0
-9 -9 -9 -9 74 58 0 0 0 0 0 0 0 0 52 0 0 0 0 0 59 53 0 0 0 0 0 83 73 78 82 78 58 79 78 77 67 82 82 82 78 79 82 88 83 70 52 0 73 57 0 0 0 0 0 0 0 54 0 0 0 0 0 62 67 0 0 0 0 67 70 0 0 0 0 0 0 0 0 0 0 0 0 0 0 0 0 0 0 0 0 0 0 0 0 0
-9 -9 -9 -9 76 0 0 0 0 0 0 0 0 0 0 0 0 0 0 60 55 58 54 0 0 0 0 74 70 78 76 60 0 73 80 81 67 82 76 72 69 83 0 0 57 69 60 70 0 0 0 0 0 0 0 0 0 58 54 0 0 0 0 0 0 0 0 0 66 65 0 0 0 0 0 0 0 0 0 0 0 0 0 0 0 0 0 0 0 0 0 0 0 0 0 0
-9 -9 -9 -9 0 0 0 0 0 0 0 0 0 0 0 0 0 0 0 61 0 55 0 0 0 0 0 62 69 83 76 0 0 58 57 66 65 79 80 74 76 63 0 0 0 59 70 65 0 0 0 0 0 0 0 0 0 0 57 0 0 0 0 0 0 0 0 53 72 56 0 0 0 0 0 0 0 0 0 0 0 0 0 0 0 0 0 0 0 0 0 0 0 0 0 0
