data/habitatmaps/RK_hsi_mnus_2km_1999.asc
NCOLS 183 
NROWS 114 
XLLCORNER 479000 
YLLCORNER 73000 
CELLSIZE 2000 
NODATA_value -9 
[rows 0 to 71 of 114, columns 0 to 95 of 183]
-9 -9 -9 -9 -9 -9 -9 -9 -9 -9 -9 -9 -9 -9 -9 -9 -9 -9 -9 -9 -9 -9 -9 -9 -9 -9 -9 -9 -9 -9 -9 -9 -9 -9 -9 -9 -9 -9 -9 -9 -9 -9 -9 -9 -9 -9 -9 -9 -9 -9 -9 -9 -9 -9 -9 -9 -9 -9 -9 -9 -9 -9 -9 -9 -9 -9 -9 -9 -9 -9 -9 -9 -9 -9 -9 -9 -9 -9 -9 -9 -9 -9 -9 -9 -9 -9 -9 -9 -9 -9 -9 -9 -9 -9 -9 -9
-9 -9 -9 -9 -9 -9 -9 -9 -9 -9 -9 -9 -9 -9 -9 -9 -9 -9 -9 -9 -9 -9 -9 -9 -9 -9 -9 -9 -9 -9 -9 -9 -9 -9 -9 -9 -9 -9 -9 -9 -9 -9 -9 -9 -9 -9 -9 -9 -9 -9 -9 -9 -9 -9 -9 -9 -9 -9 -9 -9 -9 -9 -9 -9 -9 -9 -9 -9 -9 -9 -9 -9 -9 -9 -9 -9 -9 -9 -9 -9 -9 -9 -9 -9 -9 -9 -9 -9 -9 -9 -9 -9 -9 -9 -9 75
-9 -9 -9 -9 -9 -9 -9 -9 -9 -9 -9 -9 -9 -9 -9 -9 -9 -9 -9 -9 -9 -9 -9 -9 -9 -9 -9 -9 -9 -9 -9 -9 -9 -9 -9 -9 -9 -9 -9 -9 -9 -9 -9 -9 -9 -9 -9 -9 -9 -9 -9 -9 -9 -9 -9 -9 -9 -9 -9 -9 -9 -9 -9 -9 -9 -9 -9 -9 -9 -9 -9 -9 -9 -9 -9 -9 -9 -9 -9 -9 -9 -9 -9 -9 -9 -9 -9 -9 -9 -9 -9 -9 -9 -9 60 63
-9 -9 -9 -9 -9 -9 -9 -9 -9 -9 -9 -9 -9 -9 -9 -9 -9 -9 -9 -9 -9 -9 -9 -9 -9 -9 -9 -9 -9 -9 -9 -9 -9 -9 -9 -9 -9 -9 -9 -9 -9 -9 -9 -9 -9 -9 -9 -9 -9 -9 -9 -9 -9 -9 -9 -9 -9 -9 -9 -9 -9 -9 -9 -9 -9 -9 -9 -9 -9 -9 -9 -9 -9 -9 -9 -9 -9 -9 -9 -9 -9 -9 -9 -9 -9 -9 -9 -9 -9 -9 -9 -9 -9 0 70 67
-9 -9 -9 -9 -9 -9 -9 -9 -9 -9 -9 -9 -9 -9 -9 -9 -9 -9 -9 -9 -9 -9 -9 -9 -9 -9 -9 -9 -9 -9 -9 -9 -9 -9 -9 -9 -9 -9 -9 -9 -9 -9 -9 -9 -9 -9 -9 -9 -9 -9 -9 -9 -9 -9 -9 -9 -9 -9 -9 -9 -9 -9 -9 -9 -9 -9 -9 -9 -9 -9 -9 -9 -9 -9 -9 -9 -9 -9 -9 -9 -9 -9 -9 -9 -9 -9 -9 -9 -9 -9 -9 -9 -9 0 66 73
-9 -9 -9 -9 -9 -9 -9 -9 -9 -9 -9 -9 -9 -9 -9 -9 -9 -9 -9 -9 -9 -9 -9 -9 -9 -9 -9 -9 -9 -9 -9 -9 -9 -9 -9 -9 -9 -9 -9 -9 -9 -9 -9 -9 -9 -9 -9 -9 -9 -9 -9 -9 -9 -9 -9 -9 -9 -9 -9 -9 -9 -9 -9 -9 -9 -9 -9 -9 -9 -9 -9 -9 -9 -9 -9 -9 -9 -9 -9 -9 -9 -9 -9 -9 -9 -9 -9 -9 -9 -9 -9 -9 0 65 71 73
-9 -9 -9 -9 -9 -9 -9 -9 -9 -9 -9 -9 -9 -9 -9 -9 -9 -9 -9 -9 -9 -9 -9 -9 -9 -9 -9 -9 -9 -9 -9 -9 -9 -9 -9 -9 -9 -9 -9 -9 -9 -9 -9 -9 -9 -9 -9 -9 -9 -9 -9 -9 -9 -9 -9 -9 -9 -9 -9 -9 -9 -9 -9 -9 -9 -9 -9 -9 -9 -9 -9 -9 -9 -9 -9 -9 -9 -9 -9 -9 -9 -9 -9 -9 -9 -9 -9 -9 -9 -9 -9 -9 0 70 61 69
-9 -9 -9 -9 -9 -9 -9 -9 -9 -9 -9 -9 -9 -9 -9 -9 -9 -9 -9 -9 -9 -9 -9 -9 -9 -9 -9 -9 -9 -9 -9 -9 -9 -9 -9 -9 -9 -9 -9 -9 -9 -9 -9 -9 -9 -9 -9 -9 -9 -9 -9 -9 -9 -9 -9 -9 -9 -9 -9 -9 -9 -9 -9 -9 -9 -9 -9 -9 -9 -9 -9 -9 -9 -9 -9 -9 -9 -9 -9 -9 -9 -9 -9 -9 -9 -9 -9 -9 -9 0 0 59 75 80 78 76
-9 -9 -9 -9 -9 -9 -9 -9 -9 -9 -9 -9 -9 -9 -9 -9 -9 -9 -9 -9 -9 -9 -9 -9 -9 -9 -9 -9 -9 -9 -9 -9 -9 -9 -9 -9 -9 -9 -9 -9 -9 -9 -9 -9 -9 -9 -9 -9 -9 -9 -9 -9 -9 -9 -9 -9 -9 -9 -9 -9 -9 -9 -9 -9 -9 -9 -9 -9 -9 54 -9 -9 -9 -9 -9 -9 -9 -9 -9 -9 -9 -9 -9 -9 -9 -9 52 70 62 63 61 77 80 81 70 73
-9 -9 -9 -9 -9 -9 -9 -9 -9 -9 -9 -9 -9 -9 -9 -9 -9 -9 -9 -9 -9 -9 -9 -9 -9 -9 -9 -9 -9 -9 -9 -9 -9 -9 -9 -9 -9 -9 -9 -9 -9 -9 -9 -9 -9 -9 -9 -9 -9 -9 -9 -9 -9 -9 -9 -9 -9 -9 -9 -9 -9 -9 -9 -9 -9 77 64 72 74 66 60 72 77 -9 -9 60 63 53 -9 -9 -9 -9 -9 -9 57 72 62 74 69 78 74 79 76 73 74 70
-9 -9 -9 -9 -9 -9 -9 -9 -9 -9 -9 -9 -9 -9 -9 -9 -9 -9 -9 -9 -9 -9 -9 -9 -9 -9 -9 -9 -9 -9 -9 -9 -9 -9 -9 -9 -9 -9 -9 -9 -9 -9 -9 -9 -9 -9 -9 -9 -9 -9 -9 -9 -9 -9 -9 -9 -9 -9 -9 -9 -9 -9 0 0 76 67 52 56 75 82 65 64 62 73 60 70 83 61 52 0 0 -9 67 66 63 67 69 81 83 76 73 66 68 67 74 68
-9 -9 -9 -9 -9 -9 -9 -9 -9 -9 -9 -9 -9 -9 -9 -9 -9 -9 -9 -9 -9 -9 -9 -9 -9 -9 -9 -9 -9 -9 -9 -9 -9 -9 -9 -9 -9 -9 -9 -9 -9 -9 -9 -9 -9 -9 -9 -9 -9 -9 -9 -9 -9 -9 -9 -9 -9 -9 -9 -9 -9 0 0 0 0 0 0 53 69 81 76 78 69 78 79 84 83 72 53 56 58 67 67 71 76 74 82 79 81 76 68 61 65 0 65 81
-9 -9 -9 -9 -9 -9 -9 -9 -9 -9 -9 -9 -9 -9 -9 -9 -9 -9 -9 -9 -9 -9 -9 -9 -9 -9 -9 -9 -9 -9 -9 -9 -9 -9 -9 -9 -9 -9 -9 -9 -9 -9 -9 -9 -9 -9 -9 -9 -9 -9 -9 -9 -9 -9 -9 -9 -9 -9 -9 -9 0 0 0 0 0 0 0 0 82 59 82 86 85 84 90 89 78 78 73 75 71 75 55 63 67 74 80 79 72 60 65 0 51 75 83 86
-9 -9 -9 -9 -9 -9 -9 -9 -9 -9 -9 -9 -9 -9 -9 -9 -9 -9 -9 -9 -9 -9 -9 -9 -9 -9 -9 -9 -9 -9 -9 -9 -9 -9 -9 -9 -9 -9 -9 -9 -9 -9 -9 -9 -9 -9 -9 -9 -9 -9 -9 -9 -9 -9 -9 -9 -9 -9 -9 81 53 0 0 0 0 0 0 76 60 82 64 68 90 85 83 80 76 82 68 73 76 73 74 72 62 73 70 63 0 0 0 63 73 85 80 78
-9 -9 -9 -9 -9 -9 -9 -9 -9 -9 -9 -9 -9 -9 -9 -9 -9 -9 -9 -9 -9 -9 -9 -9 -9 -9 -9 -9 -9 -9 -9 -9 -9 -9 -9 -9 -9 -9 -9 -9 -9 -9 -9 53 68 68 68 66 58 72 0 62 -9 -9 -9 -9 -9 -9 80 81 65 0 0 0 0 0 0 0 0 83 76 63 83 69 53 0 54 74 66 84 77 57 72 72 69 63 0 53 67 75 68 78 63 80 82 88
-9 -9 -9 -9 -9 -9 -9 -9 -9 -9 -9 -9 -9 -9 -9 -9 -9 -9 -9 -9 -9 -9 -9 -9 -9 -9 -9 -9 -9 -9 -9 -9 -9 -9 -9 -9 -9 -9 -9 -9 65 65 57 71 64 67 70 64 58 70 60 59 73 71 63 -9 -9 82 81 82 64 57 0 0 0 0 0 0 53 86 82 63 52 54 0 0 0 0 0 72 67 60 74 77 69 0 72 82 81 72 0 78 78 68 77 81
-9 -9 -9 -9 -9 -9 -9 -9 -9 -9 -9 -9 -9 -9 -9 -9 -9 -9 -9 -9 -9 -9 -9 -9 -9 -9 -9 -9 -9 -9 -9 -9 -9 -9 -9 -9 -9 -9 -9 67 66 54 67 65 60 53 64 61 75 66 78 74 77 79 79 67 82 86 81 82 77 72 58 0 0 0 0 0 83 74 57 73 0 0 0 0 66 54 0 71 54 73 58 68 63 69 79 83 88 78 57 79 77 82 81 79
-9 -9 -9 -9 -9 -9 -9 -9 -9 -9 -9 -9 -9 -9 -9 -9 -9 -9 -9 -9 -9 -9 -9 -9 -9 -9 -9 -9 -9 -9 -9 -9 -9 -9 -9 -9 -9 -9 0 70 63 66 65 71 55 0 0 72 69 74 78 81 76 79 80 80 80 82 84 88 86 74 72 58 52 0 0 0 0 0 0 0 0 53 53 82 86 85 72 54 0 53 69 76 80 73 83 88 86 76 61 84 83 88 86 83
-9 -9 -9 -9 -9 -9 -9 -9 -9 -9 -9 -9 -9 -9 -9 -9 -9 -9 -9 -9 -9 -9 -9 -9 -9 -9 -9 -9 -9 -9 -9 -9 -9 -9 -9 -9 -9 -9 0 60 64 64 74 72 73 73 76 80 75 80 75 81 82 82 86 87 77 81 87 86 88 75 75 78 78 0 53 0 0 0 0 54 74 81 81 89 86 81 88 84 88 80 84 81 88 83 84 82 70 56 65 79 80 84 88 86
-9 -9 -9 -9 -9 -9 -9 -9 -9 -9 -9 -9 -9 -9 -9 -9 -9 -9 -9 -9 -9 -9 -9 -9 -9 -9 -9 -9 -9 -9 -9 -9 -9 -9 -9 -9 -9 -9 56 73 70 74 78 77 75 70 73 80 86 88 84 79 82 87 90 85 78 78 79 83 85 78 77 76 0 82 0 72 67 81 80 82 85 89 84 89 90 90 86 88 89 84 75 85 89 86 85 83 73 72 70 84 81 88 86 89
-9 -9 -9 -9 -9 -9 -9 -9 -9 -9 -9 -9 -9 -9 -9 -9 -9 -9 -9 -9 -9 -9 -9 -9 -9 -9 -9 -9 -9 -9 -9 -9 -9 -9 -9 -9 -9 0 59 69 80 80 86 72 75 83 73 74 75 76 72 65 86 88 86 87 87 87 77 78 78 78 83 68 0 59 0 80 66 73 79 0 65 74 86 89 90 90 87 87 85 82 88 86 82 86 87 85 57 64 54 77 82 89 89 90
-9 -9 -9 -9 -9 -9 -9 -9 -9 -9 -9 -9 -9 -9 -9 -9 -9 -9 -9 -9 -9 -9 -9 -9 -9 -9 -9 -9 -9 -9 -9 -9 -9 -9 -9 -9 -9 52 69 81 87 87 81 79 70 0 82 84 86 84 82 82 88 88 89 86 80 82 78 80 75 90 87 84 82 78 0 78 77 88 79 73 75 83 86 87 87 90 85 79 84 87 90 83 90 88 85 66 74 82 83 90 88 85 89 88
-9 -9 -9 -9 -9 -9 -9 -9 -9 -9 -9 -9 -9 -9 -9 -9 -9 -9 -9 -9 -9 -9 -9 -9 -9 -9 -9 -9 -9 -9 -9 -9 -9 -9 -9 -9 0 59 78 71 78 79 86 87 87 71 73 79 86 79 83 85 89 89 83 72 74 80 87 83 78 72 73 76 76 84 73 85 87 84 81 78 79 79 86 89 85 89 89 90 86 89 91 84 89 86 83 58 81 82 82 83 84 84 87 88
-9 -9 -9 -9 -9 -9 -9 -9 -9 -9 -9 -9 -9 -9 -9 -9 -9 -9 -9 -9 -9 -9 -9 -9 -9 -9 -9 -9 -9 -9 -9 -9 -9 -9 -9 0 81 64 74 70 84 87 87 77 86 75 55 77 90 89 88 86 84 87 84 77 86 81 64 66 72 71 78 79 75 73 71 84 90 87 83 79 82 82 84 81 83 92 92 91 89 82 87 81 89 86 85 77 87 82 83 83 86 90 86 84
-9 -9 -9 -9 -9 -9 -9 -9 -9 -9 -9 -9 -9 -9 -9 -9 -9 -9 -9 -9 -9 -9 -9 -9 -9 -9 -9 -9 -9 -9 -9 -9 -9 -9 75 0 86 83 87 67 85 87 87 84 78 77 77 86 85 87 88 90 85 83 86 89 83 72 71 79 81 76 72 75 81 81 75 81 87 88 82 90 89 87 87 92 92 92 91 75 83 66 74 67 83 79 71 74 81 82 83 74 84 88 90 86
-9 -9 -9 -9 -9 -9 -9 -9 -9 -9 -9 -9 -9 -9 -9 -9 -9 -9 -9 -9 -9 -9 -9 -9 -9 -9 -9 -9 -9 -9 -9 -9 -9 -9 58 64 88 89 87 61 85 87 82 74 81 83 86 88 88 91 90 89 75 90 84 83 76 71 73 78 78 66 71 83 83 88 89 90 91 88 90 91 90 92 91 90 91 85 83 73 78 76 70 75 73 70 69 76 79 82 89 90 81 84 91 89
-9 -9 -9 -9 -9 -9 -9 -9 -9 -9 -9 -9 -9 -9 -9 -9 -9 -9 -9 -9 -9 -9 -9 -9 -9 -9 -9 -9 -9 -9 -9 -9 -9 -9 62 74 84 85 85 87 88 90 87 82 77 87 84 83 81 82 72 79 75 69 78 68 78 78 80 79 76 73 84 87 87 86 88 77 77 84 77 72 88 79 90 85 88 89 71 70 79 79 81 82 82 83 73 83 85 87 81 91 86 59 88 90
-9 -9 -9 -9 -9 -9 -9 -9 -9 -9 -9 -9 -9 -9 -9 -9 -9 -9 -9 -9 -9 -9 -9 -9 -9 -9 -9 -9 -9 -9 -9 -9 -9 64 54 74 74 81 84 69 74 80 80 62 73 81 70 76 79 82 79 85 72 68 78 71 77 76 82 88 80 88 87 87 84 82 84 88 84 74 73 75 84 82 80 82 74 68 73 80 72 63 82 77 80 80 85 84 89 88 85 81 87 84 73 87
-9 -9 -9 -9 -9 -9 -9 -9 -9 -9 -9 -9 -9 -9 -9 -9 -9 -9 -9 -9 -9 -9 -9 -9 -9 -9 -9 -9 -9 -9 -9 -9 -9 -9 0 71 79 75 73 52 72 79 66 69 78 75 84 83 83 88 88 87 85 75 83 82 67 78 84 90 89 91 91 83 69 70 78 85 88 87 86 85 80 87 53 53 63 80 78 85 83 85 76 76 81 85 88 86 85 87 86 81 84 84 75 85
-9 -9 -9 -9 -9 -9 -9 -9 -9 -9 -9 -9 -9 -9 -9 -9 -9 -9 -9 -9 -9 -9 -9 -9 -9 -9 -9 -9 -9 -9 -9 -9 -9 -9 79 57 54 74 56 71 87 84 84 78 78 80 81 82 89 77 86 85 87 88 87 87 89 88 88 88 89 90 88 72 72 60 63 61 67 83 87 85 89 78 72 67 85 83 80 87 87 85 83 84 84 86 89 89 80 82 90 88 88 83 80 78
-9 -9 -9 -9 -9 -9 -9 -9 -9 -9 -9 -9 -9 -9 -9 -9 -9 -9 -9 -9 -9 -9 -9 -9 -9 -9 -9 -9 -9 -9 -9 -9 -9 -9 74 76 66 85 87 87 87 83 73 65 83 81 89 88 77 85 68 57 61 64 60 60 56 58 66 72 71 74 82 65 74 72 83 80 87 88 86 78 67 71 74 82 81 70 67 84 88 88 84 84 86 89 89 89 88 63 85 90 89 80 84 72
-9 -9 -9 -9 -9 -9 -9 -9 -9 -9 -9 -9 -9 -9 -9 -9 -9 -9 -9 -9 -9 -9 -9 -9 -9 -9 -9 -9 -9 -9 -9 -9 -9 -9 -9 68 83 84 84 86 79 66 55 76 76 83 77 74 72 78 75 68 79 75 59 55 57 75 79 70 85 87 70 79 61 63 86 76 69 67 67 79 83 85 66 64 76 79 79 81 85 83 89 84 89 90 88 90 83 67 81 90 87 88 84 75
-9 -9 -9 -9 -9 -9 -9 -9 -9 -9 -9 -9 -9 -9 -9 -9 -9 -9 -9 -9 -9 -9 -9 -9 -9 -9 -9 -9 -9 -9 -9 -9 -9 -9 -9 83 84 82 86 84 83 66 77 83 82 76 74 78 74 77 58 70 82 79 66 64 78 86 87 89 87 79 85 85 71 52 55 66 72 84 81 85 87 80 69 74 82 64 82 82 87 88 88 86 89 89 89 79 88 75 82 92 85 89 80 83
-9 -9 -9 -9 -9 -9 -9 -9 -9 -9 -9 -9 -9 -9 -9 -9 -9 -9 -9 -9 -9 -9 -9 -9 -9 -9 -9 -9 -9 -9 -9 -9 -9 -9 86 87 86 78 84 86 77 81 83 74 82 68 69 63 67 70 58 62 56 0 60 70 66 69 67 54 67 58 53 52 0 82 76 83 81 79 85 78 69 72 83 80 61 83 85 85 85 88 86 80 91 90 89 90 83 87 70 92 89 87 87 86
-9 -9 -9 -9 -9 -9 -9 -9 -9 -9 -9 -9 -9 -9 -9 -9 -9 -9 -9 -9 -9 -9 -9 -9 -9 -9 -9 -9 -9 -9 -9 -9 -9 73 77 82 85 85 84 76 68 63 67 78 71 61 67 61 0 0 59 71 82 87 89 89 88 77 71 51 0 0 54 78 55 77 64 66 80 81 66 83 79 84 86 82 86 88 89 88 82 88 82 84 79 86 87 82 89 88 84 90 91 85 88 87
-9 -9 -9 -9 -9 -9 -9 -9 -9 -9 -9 -9 -9 -9 -9 -9 -9 -9 -9 -9 -9 -9 -9 -9 -9 -9 -9 -9 -9 -9 -9 -9 -9 78 81 81 86 79 86 69 63 77 72 73 71 77 71 66 62 55 59 89 81 74 0 0 0 0 0 63 77 76 74 75 72 76 73 75 76 72 63 75 75 82 66 84 90 90 88 88 87 88 90 90 78 90 89 89 89 84 88 70 90 89 89 83
-9 -9 -9 -9 -9 -9 -9 -9 -9 -9 -9 -9 -9 -9 -9 -9 -9 -9 -9 -9 -9 -9 -9 -9 -9 -9 -9 -9 -9 -9 -9 77 77 76 77 73 77 84 73 66 67 75 74 72 64 64 0 52 61 74 80 63 60 67 64 63 68 0 72 76 66 57 0 60 60 67 62 76 79 81 77 76 78 73 74 86 84 87 87 88 86 91 89 87 86 85 88 87 85 89 85 74 86 90 89 77
-9 -9 -9 -9 -9 -9 -9 -9 -9 -9 -9 -9 -9 -9 -9 -9 -9 -9 -9 -9 -9 -9 -9 -9 -9 -9 -9 -9 -9 -9 79 81 79 80 76 67 85 78 0 82 74 78 76 75 54 0 65 83 85 84 82 73 67 63 68 73 75 76 67 0 0 53 73 76 73 66 71 82 83 81 77 80 82 78 72 85 83 84 80 83 78 86 88 89 83 81 81 87 85 90 86 83 82 88 91 87
-9 -9 -9 -9 -9 -9 -9 -9 -9 -9 -9 -9 -9 -9 -9 -9 -9 -9 -9 -9 -9 -9 -9 -9 -9 -9 -9 -9 -9 82 83 74 60 71 86 80 69 68 52 73 73 77 69 0 0 63 77 63 59 58 0 0 0 65 70 52 71 60 0 57 79 78 81 74 70 76 78 85 84 82 82 78 83 84 85 85 79 85 84 82 80 63 59 85 87 87 76 83 86 85 87 87 83 82 88 86
-9 -9 -9 -9 -9 -9 -9 -9 -9 -9 -9 -9 -9 -9 -9 -9 -9 -9 -9 -9 -9 -9 -9 -9 -9 -9 -9 -9 86 80 73 56 58 81 75 72 59 74 74 72 73 66 74 69 71 59 0 0 0 0 0 63 75 65 59 58 0 61 60 77 80 85 80 74 76 72 81 85 86 83 85 87 86 77 86 84 86 85 80 84 78 77 74 86 84 84 75 77 75 86 87 87 84 80 85 86
-9 -9 -9 -9 -9 -9 -9 -9 -9 -9 -9 -9 -9 -9 -9 -9 -9 -9 -9 -9 -9 -9 -9 -9 -9 -9 -9 86 75 78 0 58 69 72 61 62 80 76 76 76 70 81 69 73 53 0 0 0 0 0 0 0 60 51 60 55 67 82 80 79 84 85 82 75 79 79 80 81 86 82 86 84 86 86 83 85 85 82 83 86 83 82 85 76 75 77 71 70 73 82 85 88 84 81 80 87
-9 -9 -9 -9 -9 -9 -9 -9 -9 -9 -9 -9 -9 -9 -9 -9 -9 -9 -9 -9 -9 -9 -9 -9 -9 -9 -9 72 74 65 64 62 67 52 56 70 54 72 78 74 75 64 60 0 0 0 60 57 67 59 64 0 0 71 71 54 62 73 79 85 85 79 79 81 80 81 76 82 82 85 85 84 83 86 83 80 82 84 82 86 82 85 82 75 73 76 77 80 80 81 88 85 82 79 79 79
-9 -9 -9 -9 -9 -9 -9 -9 -9 -9 -9 -9 -9 -9 -9 -9 -9 -9 -9 -9 -9 -9 -9 -9 -9 -9 62 64 63 64 71 68 56 56 68 0 60 70 73 72 0 52 57 52 66 66 67 67 67 55 0 0 74 74 65 68 80 81 84 83 81 82 85 80 81 76 71 70 74 83 83 84 84 81 84 77 78 86 85 84 85 86 84 80 79 77 81 79 83 82 86 85 78 75 80 78
-9 -9 -9 -9 -9 -9 -9 -9 -9 -9 -9 -9 -9 -9 -9 -9 -9 -9 -9 -9 -9 -9 -9 -9 51 56 68 67 63 78 73 70 57 71 0 55 77 79 63 0 0 54 0 66 0 54 68 0 0 0 0 51 76 68 68 72 82 85 77 79 86 85 83 83 80 78 81 75 84 85 83 83 83 83 82 77 76 85 87 87 88 88 86 87 82 80 84 85 82 77 76 85 70 78 81 81
-9 -9 -9 -9 -9 -9 -9 -9 -9 -9 -9 -9 -9 -9 -9 -9 -9 -9 -9 -9 -9 78 73 57 69 65 68 58 75 79 73 74 79 71 72 81 54 68 0 61 76 76 88 64 54 80 0 0 0 0 0 56 55 54 68 82 81 83 82 88 86 88 82 78 78 81 84 84 86 85 84 80 83 78 74 75 67 74 83 84 87 83 82 82 86 83 86 83 85 77 74 81 81 69 73 80
-9 -9 -9 -9 -9 -9 -9 -9 -9 -9 -9 -9 -9 -9 -9 -9 -9 -9 -9 -9 73 58 54 65 70 70 61 65 80 86 74 61 68 70 75 0 58 0 0 74 73 89 62 63 62 0 61 0 54 63 60 63 58 57 79 79 84 86 82 88 86 80 74 72 81 85 85 84 87 84 85 83 84 84 82 58 58 0 71 72 66 73 74 81 87 83 83 83 79 81 76 78 82 78 66 74
-9 -9 -9 -9 -9 -9 -9 -9 -9 -9 -9 -9 -9 -9 -9 -9 -9 -9 -9 61 66 65 58 63 68 65 58 74 83 73 52 61 0 75 0 60 0 0 65 76 75 69 61 0 0 0 69 61 80 68 0 55 59 77 82 87 85 84 82 87 83 69 70 82 87 85 83 86 84 85 85 84 85 85 75 53 0 0 57 0 0 57 71 85 87 78 85 88 83 69 0 0 84 74 72 61
-9 -9 -9 -9 -9 -9 -9 -9 -9 -9 -9 -9 -9 -9 -9 -9 -9 -9 71 72 68 61 68 71 81 72 64 64 0 0 55 71 0 0 67 0 0 52 75 62 62 58 0 0 0 0 0 53 64 0 0 0 79 79 80 72 80 84 83 83 81 74 70 78 81 83 84 85 86 86 85 85 87 80 71 0 54 0 0 0 0 0 57 82 88 77 72 73 59 0 0 0 0 70 61 69
-9 -9 -9 -9 -9 -9 -9 -9 -9 -9 -9 -9 -9 -9 -9 -9 -9 73 67 68 64 64 76 67 76 77 60 0 0 51 60 0 59 66 63 0 0 73 80 54 0 0 0 52 53 0 0 0 0 0 0 63 78 70 72 68 78 82 78 73 74 77 82 80 76 73 77 77 87 88 86 87 89 82 72 75 0 63 59 59 0 57 70 87 88 78 56 0 0 0 0 0 55 64 65 80
-9 -9 -9 -9 -9 -9 -9 -9 -9 -9 -9 -9 -9 -9 -9 -9 -9 63 69 66 68 77 74 70 0 0 58 58 0 0 0 54 60 0 0 0 52 78 0 0 0 0 0 0 0 0 67 76 0 0 0 63 80 73 60 58 69 66 59 53 72 79 78 86 84 85 78 80 83 88 84 88 88 86 81 75 57 69 75 52 53 69 84 88 77 68 54 0 0 0 0 0 52 65 68 80
-9 -9 -9 -9 -9 -9 -9 -9 -9 -9 -9 -9 -9 -9 -9 -9 -9 63 73 68 78 71 69 0 0 0 0 0 0 0 58 65 65 62 0 0 58 0 0 0 0 0 0 59 55 73 67 0 0 0 73 78 80 79 80 69 71 75 64 64 78 69 85 86 83 86 81 87 79 78 76 86 88 89 87 79 71 55 59 69 77 84 86 70 0 56 0 0 0 0 0 62 0 68 79 80
-9 -9 -9 -9 -9 -9 -9 -9 -9 -9 -9 -9 -9 -9 -9 -9 65 71 64 74 55 69 63 0 0 0 0 51 55 62 83 83 61 0 0 0 0 0 0 0 0 0 0 68 77 58 0 0 0 75 82 79 77 83 85 82 81 87 85 86 82 77 83 85 85 86 86 86 80 77 66 83 88 86 89 88 78 54 0 66 86 88 85 0 0 0 0 0 0 0 0 73 57 62 0 0
-9 -9 -9 -9 -9 -9 -9 -9 -9 -9 -9 -9 -9 -9 -9 -9 0 0 72 75 72 0 0 0 0 67 54 61 77 83 73 57 0 0 68 54 0 0 0 0 0 0 66 71 0 0 0 0 72 84 81 78 76 82 86 76 77 83 88 87 87 86 77 75 77 85 86 86 79 78 77 87 78 74 67 84 78 63 63 84 77 0 77 0 0 0 0 0 0 0 0 57 69 74 0 0
-9 -9 -9 -9 -9 -9 -9 -9 -9 -9 -9 -9 -9 -9 -9 -9 -9 52 80 70 67 55 55 66 0 0 0 81 75 60 53 0 56 62 55 0 0 0 0 0 0 66 68 0 0 0 63 82 86 71 70 70 78 82 81 75 84 83 84 85 76 78 69 68 72 86 86 83 86 85 87 82 77 86 68 71 70 66 84 83 0 0 82 0 0 0 0 0 0 0 67 0 76 64 0 0
-9 -9 -9 -9 -9 -9 -9 -9 -9 -9 -9 -9 -9 -9 -9 -9 -9 0 0 0 52 58 54 0 0 0 0 0 0 0 0 0 0 0 0 0 0 0 0 0 66 59 0 0 0 62 81 81 83 80 67 55 78 81 80 81 85 83 85 85 78 75 78 79 68 71 81 87 84 68 66 68 72 73 83 68 57 57 86 0 0 0 76 0 0 0 0 0 59 64 0 57 74 0 0 0
-9 -9 -9 -9 -9 -9 -9 -9 -9 -9 -9 -9 -9 -9 -9 -9 -9 58 66 0 57 0 0 53 59 0 0 0 0 0 0 0 0 0 0 0 0 0 0 64 61 0 0 0 79 85 84 82 82 65 0 68 77 77 82 84 85 83 85 81 76 83 69 79 79 67 81 83 62 62 67 70 81 82 86 62 63 59 75 0 0 0 0 0 0 0 0 0 53 0 0 52 0 0 0 0
-9 -9 -9 -9 -9 -9 -9 -9 -9 -9 -9 -9 -9 -9 -9 -9 67 0 0 61 71 68 0 0 0 0 0 61 72 74 0 0 0 0 0 0 0 0 0 53 0 0 0 75 85 81 84 80 64 0 64 77 69 83 84 86 84 85 79 85 84 75 76 71 70 69 79 82 76 79 73 56 56 55 82 77 0 70 61 0 0 0 53 0 0 0 0 58 0 0 0 0 0 0 0 0
-9 -9 -9 -9 -9 -9 -9 -9 -9 -9 -9 -9 -9 -9 -9 -9 67 51 0 0 0 0 52 68 53 57 59 80 75 0 0 0 0 0 0 0 69 75 63 0 0 0 0 75 83 84 83 75 69 57 72 75 79 84 78 85 86 87 85 84 80 78 80 55 72 73 75 80 62 58 61 56 74 64 57 81 89 68 67 0 0 0 0 0 0 0 0 0 0 0 0 0 0 0 0 0
-9 -9 -9 -9 -9 -9 -9 -9 -9 -9 -9 -9 -9 -9 -9 65 56 0 0 55 0 0 0 0 0 0 69 67 0 0 0 0 0 0 0 69 74 78 77 75 0 71 80 72 76 84 79 78 80 62 77 81 83 85 82 87 86 79 84 87 82 84 79 60 79 72 70 74 83 82 81 77 69 0 0 0 0 57 64 0 0 0 0 0 0 0 0 0 57 0 0 0 0 0 0 0
-9 -9 -9 -9 -9 -9 -9 -9 -9 -9 -9 -9 -9 0 0 0 0 0 62 68 0 0 0 0 0 78 70 0 0 0 0 62 55 0 75 85 83 84 81 60 0 69 82 81 83 79 73 76 77 74 83 82 85 84 86 80 85 82 84 83 0 79 84 73 75 69 70 84 81 80 76 66 56 68 61 0 0 0 0 0 0 0 0 0 0 0 0 0 0 0 0 0 0 0 0 0
-9 -9 -9 -9 -9 -9 -9 -9 -9 -9 -9 -9 0 0 64 0 53 53 59 64 60 52 0 0 67 65 0 0 0 0 59 71 78 77 84 84 81 86 54 0 58 69 81 84 83 83 81 78 75 85 86 80 82 81 84 79 72 67 83 59 0 0 86 72 77 63 72 68 71 77 55 58 0 0 0 0 0 0 0 0 0 0 0 0 55 0 0 0 0 0 0 0 0 0 0 0
-9 -9 -9 -9 -9 -9 -9 -9 -9 -9 -9 0 0 53 0 52 54 61 0 0 0 0 0 65 70 0 0 0 0 59 79 83 77 86 85 85 84 71 0 0 77 83 84 81 71 83 83 79 83 86 84 88 86 83 83 88 84 0 0 0 0 0 59 81 74 70 66 59 57 69 0 0 0 0 0 0 0 0 0 0 0 0 0 0 0 0 0 0 0 0 0 0 0 0 0 0
-9 -9 -9 -9 -9 -9 -9 -9 -9 -9 0 0 52 0 57 52 0 0 0 0 69 64 0 66 0 0 0 0 78 77 75 84 75 85 83 84 77 0 0 72 82 70 76 79 75 78 81 78 85 87 88 85 86 86 88 81 0 0 0 0 0 0 0 86 78 69 63 0 57 57 67 71 0 0 0 0 0 0 0 0 0 0 59 0 74 70 68 0 0 63 0 0 0 0 0 0
-9 -9 -9 -9 -9 -9 -9 -9 -9 0 0 0 56 0 0 0 0 0 0 0 79 0 0 0 0 0 0 0 78 70 84 82 73 84 77 78 59 0 62 82 79 78 76 78 85 81 82 73 85 86 0 0 67 0 0 79 65 59 55 0 0 0 0 58 76 76 69 60 0 60 58 73 0 0 0 0 0 0 0 0 54 0 0 0 0 0 0 0 0 0 0 0 0 0 0 0
-9 -9 -9 -9 -9 -9 -9 54 0 0 57 0 0 0 0 0 0 0 0 0 0 0 55 0 58 0 0 53 81 79 86 77 80 84 75 61 52 53 77 72 67 71 83 84 84 67 76 52 82 84 0 0 0 0 0 59 0 0 0 0 0 0 0 0 0 0 75 64 0 0 58 0 0 0 0 0 0 0 0 0 0 0 0 0 0 0 0 0 0 0 0 0 0 0 0 0
-9 -9 -9 -9 -9 -9 53 0 52 56 0 0 0 0 0 0 0 0 0 0 0 0 55 0 0 0 0 72 81 79 82 81 74 79 74 58 64 79 83 71 66 79 80 73 59 61 69 0 83 0 0 0 0 0 0 0 0 0 0 0 0 0 0 0 0 0 0 0 69 62 0 54 0 0 0 0 0 54 0 0 0 0 0 0 0 0 0 0 0 0 0 0 0 0 0 0
-9 -9 -9 -9 -9 66 0 66 70 0 0 0 0 0 0 0 0 0 0 51 0 0 0 0 0 0 0 79 76 83 82 75 81 80 61 52 81 82 81 66 72 83 74 58 66 73 60 0 80 0 0 0 0 0 54 0 0 0 0 0 67 75 81 82 85 79 76 0 0 67 62 0 0 0 0 0 0 0 0 0 0 0 0 0 0 0 0 0 0 0 0 0 0 0 0 0
-9 -9 -9 -9 -9 65 71 65 0 0 0 0 0 0 0 0 0 0 0 0 0 60 60 0 0 0 61 76 69 66 71 80 82 79 71 66 76 81 81 81 72 70 71 71 66 78 65 53 0 0 76 58 0 0 0 0 0 0 0 77 80 63 58 0 56 81 53 0 0 0 77 62 0 0 0 0 0 0 0 0 0 0 0 0 0 0 0 0 0 0 0 0 0 0 0 0
-9 -9 -9 -9 -9 69 69 0 0 0 0 0 0 0 0 0 0 0 0 0 54 59 52 0 0 0 63 76 75 71 81 81 75 76 74 79 70 76 83 80 76 79 76 73 72 71 76 0 0 76 72 0 0 0 0 0 0 53 80 63 0 0 0 0 0 75 0 0 0 0 79 0 0 0 0 0 0 0 0 0 0 0 0 0 0 0 0 0 0 0 0 0 0 0 0 0
-9 -9 -9 -9 74 59 0 0 0 0 0 0 0 0 53 0 0 0 0 0 60 53 0 0 0 0 0 83 73 78 82 78 58 79 78 77 67 82 82 82 78 79 82 88 83 70 52 0 73 57 0 0 0 0 0 0 0 54 0 0 0 0 0 59 64 0 0 0 0 67 70 0 0 0 0 0 0 0 0 0 0 0 0 0 0 0 0 0 0 0 0 0 0 0 0 0
-9 -9 -9 -9 76 0 0 0 0 0 0 0 0 54 0 0 0 0 0 62 55 58 54 0 0 0 0 74 70 78 76 60 0 73 80 81 67 82 76 72 69 83 0 0 57 69 60 70 0 0 0 0 0 0 0 0 0 58 52 0 0 0 0 0 0 0 0 0 66 64 0 0 0 0 0 0 0 0 0 0 0 0 0 0 0 0 0 0 0 0 0 0 0 0 0 0
-9 -9 -9 -9 0 0 0 0 0 0 0 0 55 0 0 0 0 0 0 61 0 55 0 0 0 0 0 62 69 83 76 0 0 58 56 66 65 79 80 74 76 63 0 0 0 59 70 65 0 0 0 0 0 0 0 0 0 0 57 0 0 0 0 0 0 0 0 53 73 54 0 0 0 0 0 0 0 0 0 0 0 0 0 0 0 0 0 0 0 0 0 0 0 0 0 0
